-0.6698345004924898
-0.6522314938507914
-0.6348004929559541
-0.6175675545384126
-0.6005659581622811
-0.5838396082524818
-0.5838396053638841
-0.5674490944044301
-0.5674489869074558
-0.5514845817101153
-0.551482123904697
-0.5361082975237242
-0.536069013305342
-0.5217813922240576
-0.5213418492904025
-0.509829536172253
-0.5071263152985456
-0.49880754292178053
-0.49261616444371936
-0.4848396987084188
-0.47707344469153873
-0.46885229539451073
-0.4603972302519327
-0.45168064019715454
-0.44274230015655525
-0.43359234997397883
-0.42424315189997513
-0.41469958848849686
-0.4049617898036231
-0.39502425165552857
-0.38487707308486413
-0.3745075351366194
-0.3639026087766375
-0.3530500161214797
-0.3419395036218545
-0.33055928967318526
-0.3188960955257769
-0.30692560089452187
-0.2946183592751644
-0.2819270783322341
-0.2688107664445344
-0.2552144686603357
-0.24111048992451228
-0.22645310203019114
-0.21123568400646675
-0.19541644887997398
-0.1790018880799039
-0.16194366277467256
-0.14425555177253174
-0.1258762353190231
-0.10682540272239884
-0.08702446902036778
-0.06649978890427324
-0.04515101928937812
-0.023012877821245444
4.275138158322151e-5
0.023970396594687703
0.048934593898582894
0.07487588279834925
0.1020080837048483
0.13025329122196774
0.15989446414290906
0.1908289444709892
0.22344098372187862
0.2575940012976463
0.29382906640076406
0.33196207302521225
0.37279553575649
0.4160777877572446
0.46309609136074137
0.5082463704518656
0.5135057381268034
0.5424892458814853
0.5696568236744279
0.5763778561925818
0.6099376198804081
0.6311195379398383
0.6431910463934805
0.6761581824315099
0.7034304360196839
0.7088569738386606
0.741303561825884
0.7735125275307094
0.7867049427591813
0.8054970955218406
0.8372693043736424
0.8688401506005153
0.9002197108683141
0.9113695422673412
0.9314172463619215
0.9624412923946182
0.9932997357336484
1.0239998816401283
1.054548512248145
1.0849519376135912
1.115216040526517
1.145346315996596
1.1753479061601297
1.2052256312557232
1.2349840171616435
1.2646273200385405
1.2941595482162649
1.3235844822662564
1.3529056919521238
1.3821265543507146
1.411250263006919
1.4402798544254152
1.4692181866870255
1.498068031295019
1.5268318882297751
1.5555124488295302
1.5841115657024725
1.6126325364419132
1.6410752580845969
1.669445961683548
1.6977386167451969
1.725966872155174
1.7541151924076286
1.7821912780735447
1.810221680514155
1.838023273966955
1.8660958755764623
1.893048890188478
1.92186286377244
1.9465938943695082
1.9782386079017675
2.000081588659625
2.0373131201871724
2.0571626503787512
2.100636137771231
2.1187853162445327
2.1682835922931445
2.184420551973474
2.240159669046751
2.253813656075964
2.316413351829733
2.327031649086482
2.397443824099648
2.4043586716747156
2.4839175972240084
2.486280911085091
2.5734880508729585
2.5769096696009886
2.6671065042600874
2.6780145022390456
2.7687766245720438
2.790048950696157
2.8813090154558676
2.9184491125645025
3.010161040632136
3.0774305780930313
3.169573764333387
