0.9947826017669266 0.9798385836884201
2.994773494848194 0.9609058831623108
4.994764344710088 0.9430911291462925
6.994755151277346 0.9262901429151019
8.994745914478576 0.9104118511536515
10.994736634246337 0.8953762405673809
12.994727310517362 0.8811126895381268
14.994717943232441 0.8675585973516721
16.99470853233674 0.8546582502448294
18.994699077779778 0.8423618773935434
20.99468957951548 0.8306248603564359
22.99468003750239 0.8194070673406882
24.994670451703698 0.8086722896498466
26.99466082208739 0.7983877622844074
28.9946511486263 0.7885237542360369
30.99464143129822 0.7790532168124965
32.99463167008598 0.769951480523454
34.99462186497772 0.7611959927968497
36.994612015966766 0.7527660901831661
38.99460212305176 0.7446427998125321
40.99459218623696 0.7368086657676302
42.99458220553214 0.7292475967601104
44.994572180952844 0.7219447320882983
46.99456211252031 0.7148863233402676
48.99455200026162 0.7080596297010027
50.99454184421036 0.7014528250535864
52.99453164440554 0.6950549153365876
54.99452140089294 0.6888556648440377
56.99451111372438 0.6828455303488106
58.99450078295821 0.6770156020848818
60.99449040865947 0.6713575507621086
62.99447999089949 0.6658635798958881
64.99446952975678 0.660526382835282
66.99445902531656 0.6553391039505109
68.99444847767093 0.6502953035134317
70.99443788691931 0.6453889258613809
72.9944272531679 0.6406142704894042
74.99441657653065 0.6359659657563597
76.99440585712878 0.6314389449319318
78.99439509509082 0.6270284243395017
80.9943842905529 0.6227298833842535
82.99437344365921 0.6185390462757833
84.99436255456145 0.614451865279079
86.99435162341953 0.6104645053431171
88.99434065040077 0.6065733299772663
90.99432963568135 0.6027748882568412
92.99431857944515 0.5990659028520964
94.99430748188445 0.5954432589874257
96.99429634320012 0.5919039942458088
98.99428516360125 0.588445289144807
100.99427394330584 0.5850644584129435
102.9942626825403 0.5817589429097925
104.99425138154004 0.5785263021305109
106.9942400405487 0.5753642072481662
108.99422865981998 0.5722704346474848
110.9942172396159 0.5692428599105909
112.99420578020695 0.5662794522165292
114.99419428187444 0.5633782691226363
116.99418274490753 0.5605374516958203
118.99417116960521 0.5577552199691858
120.99415955627602 0.5550298686947818
122.99414790523761 0.5523597633728031
124.99413621681754 0.5497433365357621
126.99412449135303 0.5471790842670905
128.99411272919 0.5446655629387501
130.9941009306861 0.5422013861502081
132.99408909620666 0.5397852218555556
134.99407722612779 0.5374157896637992
136.9940653208355 0.5350918583021277
138.994053380726 0.5328122432280313
140.99404140620436 0.5305758043826725
142.99402939768714 0.5283814440736404
144.9940173555999 0.5262281049804339
146.9940052803787 0.5241147682717433
148.99399317246935 0.5220404518300655
150.9939810323283 0.520004208573449
152.99396886042206 0.5180051248720161
154.99395665722685 0.5160423190482791
156.9939444232292 0.5141149399610744
158.9939321589265 0.5122221656623775
160.99391986482453 0.5103632021280912
162.99390754144218 0.50853728205319
164.993895189306 0.50674366371088
166.9938828089534 0.5049816298700643
168.99387040093202 0.503250486767276
170.99385796579966 0.5015495631320911
172.99194698915048 0.5008288086476999
174.99055355788772 0.5017740658962303
176.99057652690433 0.5034219559028864
178.99059917877878 0.5050626762097293
180.99062152029865 0.5066961287835896
182.99064355804927 0.5083222146522918
184.99066529841593 0.5099408339621538
186.9906867475945 0.51155188603728
188.9907079115993 0.5131552694351811
190.99072879626692 0.5147508820061344
192.99074940726598 0.5163386209492099
194.9907697501008 0.5179183828696221
196.99078983011995 0.519490063836115
198.99080965252085 0.5210535594366662
200.99082922235237 0.5226087648356
202.9908485445258 0.5241555748304184
204.99086762381557 0.5256938839070606
206.99088646486516 0.5272235862964816
208.99090507219137 0.5287445760306972
210.9909234501902 0.530256746999437
212.99094160313916 0.5317599930031341
214.990959535202 0.5332542078118496
216.99097725043293 0.5347392852185884
218.99099475278015 0.5362151190952186
220.99101204608962 0.537681603447028
222.99102913410664 0.5391386324679436
224.9910460204827 0.5405861005962465
226.9910627087747 0.5420239025669356
228.99107920245063 0.543451933467427
230.9910955048906 0.5448700887913962
232.9911116193938 0.5462782644922731
234.99112754917365 0.547676357037389
236.99114329736796 0.5490642634600866
238.9911588670362 0.5504418814132208
240.9911742611654 0.551809109222448
242.991189482669 0.5531658459364936
244.99120453439278 0.5545119913813106
246.9912194191137 0.5558474462098864
248.99123413954487 0.5571721119529277
250.99124869833463 0.5584858910713654
252.99126309806996 0.5597886870051085
254.9912773412787 0.5610804042208174
256.9912914304299 0.5623609482656872
258.991305367938 0.5636302258102617
260.99131915616147 0.5648881446999128
262.9913327974059 0.5661346140022826
264.9913462939247 0.567369544051304
266.99135964792345 0.5685928464957867
268.9913728615574 0.5698044343425283
270.9913859369344 0.5710042220023102
272.9913988761174 0.5721921253338419
274.9914116811236 0.5733680616848488
276.99142435392787 0.5745319499367373
278.9914368964618 0.5756837105445649
280.991449310617 0.576823265576862
282.99146159824306 0.5779505387577439
284.9914737611539 0.5790654555036677
286.9914858011226 0.5801679429611523
288.9914977198878 0.5812579300438314
290.9915095191493 0.5823353474698255
292.9915212005749 0.5834001277945626
294.9915327657973 0.5844522054459242
296.99154421641646 0.5854915167561274
298.99155555399796 0.5865179999934341
300.99156678007813 0.5875315953944564
302.9915778961638 0.5885322451900487
304.99158890372894 0.5895198936385714
306.9915998042196 0.5904944870484974
308.9916105990543 0.5914559738083158
310.9916212896223 0.5924043044066037
312.99163187728675 0.5933394314603666
314.9916423633862 0.5942613097369347
316.99165274922984 0.5951698961703373
318.9916630361054 0.5960651498882327
320.9916732252739 0.5969470322254534
322.99168331797296 0.597815506742923
324.9916933154178 0.5986705392453957
326.9917032188005 0.5995120977938917
328.99171302928954 0.6003401527215787
330.9917227480346 0.6011546766448735
332.9917323761614 0.6019556444722735
334.9917419147762 0.602743033420818
336.9917513649672 0.6035168230160023
338.9917607277988 0.6042769951054665
340.991770004318 0.605023533862646
342.99177919555484 0.6057564257883502
344.991788302518 0.6064756597204954
346.9917973262017 0.6071812268299054
348.99180626757675 0.6078731206243126
350.9918151276046 0.6085513369463965
352.9918239072226 0.6092158739722959
354.99183260735765 0.6098667322095234
356.9918412289161 0.6105039144898808
358.99184977279083 0.611127425968001
360.9918582398583 0.6117372741100634
362.99186663098396 0.6123334686884675
364.99187494700914 0.6129160217703274
366.9918831887739 0.613484947711452
368.9918913570931 0.6140402631390545
370.9918994527718 0.6145819869431884
372.9919074766035 0.6151101402599429
374.99191542936717 0.6156247464604946
376.99192331182746 0.6161258311272264
378.9919311247382 0.6166134220478697
380.99193886883893 0.6170875491865487
382.9919465448604 0.6175482446702814
384.99195415351653 0.6179955427668145
386.9919616955149 0.6184294798656155
388.99196917154813 0.61885009445346
390.99197658230037 0.6192574270891176
392.9919839284412 0.6196515203870022
394.9919912106334 0.6200324189826613
396.99199842952675 0.6204001695148657
398.99200558576126 0.6207548205947471
400.99201267996864 0.6210964227784772
402.9920197127674 0.6214250285416998
404.99202668476903 0.6217406922483056
406.992033596577 0.6220434701228391
408.99204044877695 0.6223334202177359
410.9920472419593 0.6226106023839565
412.9920539766946 0.6228750782432768
414.992060653546 0.6231269111443469
416.9920672730745 0.6233661661457233
418.9920738358221 0.6235929099697269
420.99208034233385 0.6238072109785578
422.9920867931494 0.6240091391239094
424.9920931895749 0.6241987653521986
426.9920995836988 0.6243761248853541
428.99210850335277 0.624539469403251
430.99220483333477 0.6246293470943859
432.9942296091385 0.6234211519077075
435.0194390683615 0.6086181622739665
437.2039296321184 0.5275205670294519
439.8549420474927 0.3735304464181133
