0.0 7.652882893011453
0.02 6.971690436241591
0.04 5.7206684901484515
0.06 5.331127061209408
0.08 6.19327804768573
0.1 7.2641317425855965
0.12000000000000001 7.353458496181212
0.14 6.46875501406832
0.16 5.672232865638612
0.18 5.784215315792182
0.19999999999999998 6.536963528313789
0.21999999999999997 7.041500245694973
0.23999999999999996 6.833025686764872
0.25999999999999995 6.264364412594128
0.27999999999999997 5.9680104546337125
0.3 6.156940389734059
0.32 6.5200908106591395
0.34 6.664144349133203
0.36000000000000004 6.512454428217554
0.38000000000000006 6.283218109201436
0.4000000000000001 6.196204815539559
0.4200000000000001 6.272506369063381
0.4400000000000001 6.382791657606145
0.46000000000000013 6.413576352448127
0.48000000000000015 6.359302490620576
0.5000000000000001 6.286507826136701
0.5200000000000001 6.2505969975011
0.5400000000000001 6.255098462213885
0.5600000000000002 6.270112386420864
0.5800000000000002 6.26983393462706
0.6000000000000002 6.250630308559385
0.6200000000000002 6.223987610663014
0.6400000000000002 6.201203360261395
0.6600000000000003 6.185299666255712
0.6800000000000003 6.172768546691829
0.7000000000000003 6.159125692770125
0.7200000000000003 6.142423336872248
0.7400000000000003 6.12328186255646
0.7600000000000003 6.103191548868194
0.7800000000000004 6.083120427780406
0.8000000000000004 6.063182400459979
0.8200000000000004 6.043013808786306
0.8400000000000004 6.022238845780231
0.8600000000000004 6.00068907997983
0.8800000000000004 5.978381473345547
0.9000000000000005 5.955403191504965
0.9200000000000005 5.931822053140739
0.9400000000000005 5.907658001375858
0.9600000000000005 5.8828958018308155
0.9800000000000005 5.857508035722554
1.0000000000000004 5.8314702837208126
1.0200000000000005 5.804765368035108
1.0400000000000005 5.777381043314949
1.0600000000000005 5.74930614344591
1.0800000000000005 5.7205278843491705
1.1000000000000005 5.691030823087744
1.1200000000000006 5.660796925192608
1.1400000000000006 5.6298060796200895
1.1600000000000006 5.598036678311274
1.1800000000000006 5.565466161172499
1.2000000000000006 5.532071578925533
1.2200000000000006 5.497830256720487
1.2400000000000007 5.462720606163962
1.2600000000000007 5.4267230773033095
1.2800000000000007 5.389821187478338
1.3000000000000007 5.352002518585228
1.3200000000000007 5.313259541795242
1.3400000000000007 5.273590114492972
1.3600000000000008 5.232997506204144
1.3800000000000008 5.191489856655473
1.4000000000000008 5.14907905337237
1.4200000000000008 5.105779132334622
1.4400000000000008 5.061604433869363
1.4600000000000009 5.01656785437805
1.4800000000000009 4.970679581680274
1.5000000000000009 4.923946650312053
1.520000000000001 4.876373485960446
1.540000000000001 4.82796334518855
1.560000000000001 4.7787202627198155
1.580000000000001 4.72865089513406
1.600000000000001 4.677765603903332
1.620000000000001 4.626078317674786
1.640000000000001 4.57360513079937
1.660000000000001 4.520362101517221
1.680000000000001 4.466363100426652
1.700000000000001 4.411618625414675
1.720000000000001 4.356136155745056
1.740000000000001 4.2999219708649665
1.7600000000000011 4.2429836941542005
1.7800000000000011 4.185332479740583
1.8000000000000012 4.126983950393607
1.8200000000000012 4.067957645798401
1.8400000000000012 4.008275507300005
1.8600000000000012 3.9479603709371656
1.8800000000000012 3.8870353090680223
1.9000000000000012 3.825524054992481
1.9200000000000013 3.763452070846721
1.9400000000000013 3.700847511470179
1.9600000000000013 3.637741554630273
1.9800000000000013 3.5741680914894847
2.0000000000000013 3.5101631889263656
2.0200000000000014 3.445764769966326
2.0400000000000014 3.3810126644346985
2.0600000000000014 3.315948855670012
2.0800000000000014 3.25061765107239
2.1000000000000014 3.185065650309342
2.1200000000000014 3.119341584149356
2.1400000000000015 3.0534961644200145
2.1600000000000015 2.987582005879413
2.1800000000000015 2.92165357627636
2.2000000000000015 2.855767107850836
2.2200000000000015 2.7899804547700793
2.2400000000000015 2.724352928385832
2.2600000000000016 2.658945138828126
2.2800000000000016 2.5938188396068576
2.3000000000000016 2.529036755725274
2.3200000000000016 2.464662386546025
2.3400000000000016 2.400759790690092
2.3600000000000017 2.337393363340289
2.3800000000000017 2.2746276097156333
2.4000000000000017 2.212526913797764
2.4200000000000017 2.1511553019455034
2.4400000000000017 2.0905762027049084
2.4600000000000017 2.0308522044456705
2.4800000000000018 1.9720448126172752
2.5000000000000018 1.9142142092340269
2.520000000000002 1.857419017590335
2.540000000000002 1.801716074568592
2.560000000000002 1.7471602121274028
2.580000000000002 1.6938040494189863
2.600000000000002 1.6416977972365352
2.620000000000002 1.5908890765516404
2.640000000000002 1.5414227527032995
2.660000000000002 1.4933407865550947
2.680000000000002 1.4466821036871504
2.700000000000002 1.4014824824323995
2.720000000000002 1.3577744613260858
2.740000000000002 1.315587266332022
2.760000000000002 1.274946758003633
2.780000000000002 1.2358753984888349
2.800000000000002 1.1983922380582754
2.820000000000002 1.1625129206228166
2.840000000000002 1.1282497075118414
2.860000000000002 1.0956115185956694
2.880000000000002 1.0646039896611477
2.900000000000002 1.0352295448031228
2.920000000000002 1.0074874824579467
2.940000000000002 0.9813740735829058
2.960000000000002 0.9568826703799154
2.980000000000002 0.9340038238705812
3.000000000000002 0.9127254085539942
3.0200000000000022 0.8930327523157082
3.0400000000000023 0.8749087696938318
3.0600000000000023 0.8583340965717614
3.0800000000000023 0.8432872243331406
3.1000000000000023 0.8297446315020558
3.1200000000000023 0.8176809108919176
3.1400000000000023 0.8070688903166605
3.1600000000000024 0.7978797449857034
3.1800000000000024 0.7900830998162451
3.2000000000000024 0.783647120082815
3.2200000000000024 0.7785385890981686
3.2400000000000024 0.7747229720270834
3.2600000000000025 0.7721644655089452
3.2800000000000025 0.7708260335569417
3.3000000000000025 0.7706694312952767
3.3200000000000025 0.7716552195043906
3.3400000000000025 0.7737427747733072
3.3600000000000025 0.7768903022648921
3.3800000000000026 0.781054860640273
3.4000000000000026 0.7861924113579324
3.4200000000000026 0.7922579069813924
3.4400000000000026 0.7992054346958088
3.4600000000000026 0.8069884311519999
3.4800000000000026 0.8155599820689208
3.5000000000000027 0.8248732138766037
3.5200000000000027 0.8348817746569264
3.5400000000000027 0.8455403881307859
3.5600000000000027 0.8568054492897801
3.5800000000000027 0.8686356167788905
3.6000000000000028 0.8809923499748074
3.6200000000000028 0.8938403426244275
3.640000000000003 0.907147822693208
3.660000000000003 0.9208867177119462
3.680000000000003 0.9350327170926745
3.700000000000003 0.9495652806587191
3.720000000000003 0.9644676253402996
3.740000000000003 0.9797266550124206
3.760000000000003 0.9953326878175658
3.780000000000003 1.0112787223572521
3.800000000000003 1.027558949410011
3.820000000000003 1.0441663606744278
3.840000000000003 1.061089701579192
3.860000000000003 1.0783106260748365
3.880000000000003 1.0958025233630124
3.900000000000003 1.1135326969608386
3.920000000000003 1.1314689106993718
3.940000000000003 1.149589501726819
3.960000000000003 1.1678935930943908
3.980000000000003 1.1864055440147805
4.000000000000003 1.2051674725719526
4.020000000000002 1.22421720627195
4.040000000000002 1.243556656364209
4.060000000000001 1.2631249034812804
4.080000000000001 1.2827957766226685
4.1000000000000005 1.3024149524757167
4.12 1.3218734141989845
4.14 1.3411873668575645
4.159999999999999 1.3605340267579855
4.179999999999999 1.3801972566802316
4.199999999999998 1.4004179951784952
4.219999999999998 1.421210812781199
4.2399999999999975 1.4422619313309237
4.259999999999997 1.463016641578431
4.279999999999997 1.4829698221443053
4.299999999999996 1.5020252305881208
4.319999999999996 1.5206821024613522
4.339999999999995 1.5398477023585908
4.359999999999995 1.5602925752139427
4.379999999999995 1.582053018666377
4.399999999999994 1.604227771209585
4.419999999999994 1.6254375824676792
4.439999999999993 1.6447564713146008
4.459999999999993 1.6624856423785737
4.479999999999992 1.6801135536158007
4.499999999999992 1.6993323531573026
4.519999999999992 1.7207458819129826
4.539999999999991 1.743285442409162
4.559999999999991 1.7649170633556697
4.57999999999999 1.7842006244816329
4.59999999999999 1.801468219711772
4.6199999999999894 1.8185900759210636
4.639999999999989 1.8374475414318852
4.659999999999989 1.8583823833609967
4.679999999999988 1.8799685850896977
4.699999999999988 1.9003015151016884
4.719999999999987 1.9186347114633744
4.739999999999987 1.935900620388148
4.7599999999999865 1.9537226660754727
4.779999999999986 1.972928763635842
4.799999999999986 1.9929555069307427
4.819999999999985 2.0125729412262867
4.839999999999985 2.0310836330049913
4.859999999999984 2.048824314086249
4.879999999999984 2.0666352859011488
4.8999999999999835 2.0849916723717383
4.919999999999983 2.103673806599166
4.939999999999983 2.1221558675944543
4.959999999999982 2.140168289681239
4.979999999999982 2.1578607595811405
4.999999999999981 2.1755283629953848
5.019999999999981 2.1932924251363595
5.0399999999999805 2.2110517863711063
5.05999999999998 2.2286585330761497
5.07999999999998 2.246071517620072
5.099999999999979 2.2633501669626224
5.119999999999979 2.280556617436285
5.139999999999978 2.2976965210504092
5.159999999999978 2.3147387338319945
5.1799999999999775 2.3316607398896556
5.199999999999977 2.3484648089174174
5.219999999999977 2.3651630306371434
5.239999999999976 2.3817604435148496
5.259999999999976 2.3982533359103755
5.279999999999975 2.4146366579434666
5.299999999999975 2.430908716178018
5.3199999999999745 2.447070107661391
5.339999999999974 2.463121052047538
5.359999999999974 2.479060560936624
5.379999999999973 2.4948871885211297
5.399999999999973 2.5105997281962997
5.419999999999972 2.5261972250421607
5.439999999999972 2.541678707174113
5.4599999999999715 2.5570430647856126
5.479999999999971 2.572289098593009
5.499999999999971 2.5874155821240876
5.51999999999997 2.6024212659639536
5.53999999999997 2.617304848585227
5.559999999999969 2.632064945480214
5.579999999999969 2.6467000623335126
5.599999999999969 2.6612085715561538
5.619999999999968 2.675588696015539
5.639999999999968 2.689838498851257
5.659999999999967 2.7039558671120174
5.679999999999967 2.7179384737338657
5.699999999999966 2.731783716828832
5.719999999999966 2.745488671481654
5.739999999999966 2.759050127262954
5.759999999999965 2.772464762078628
5.779999999999965 2.78572937117037
5.799999999999964 2.798840908488984
5.819999999999964 2.811796118046489
5.839999999999963 2.8245908592491586
5.859999999999963 2.8372196390062276
5.879999999999963 2.8496758552927393
5.899999999999962 2.861952574875697
5.919999999999962 2.8740428180047157
5.939999999999961 2.8859383709942934
5.959999999999961 2.8976275993998675
5.9799999999999605 2.909094476128076
5.99999999999996 2.920320903183092
6.01999999999996 2.9312915765542327
6.039999999999959 2.9419974953432373
6.059999999999959 2.9524345978169135
6.079999999999958 2.962598645995815
6.099999999999958 2.9724817849898653
6.1199999999999575 2.9820745913512914
6.139999999999957 2.991370507181366
6.159999999999957 3.0003651066296957
6.179999999999956 3.0090471799374496
6.199999999999956 3.0173886230227156
6.219999999999955 3.025344515104261
6.239999999999955 3.0328675167085857
6.2599999999999545 3.0399286974837576
6.279999999999954 3.0465324980094604
6.299999999999954 3.0527201816750775
6.319999999999953 3.0585645916054744
6.339999999999953 3.064159230845436
6.359999999999952 3.069598453158359
6.379999999999952 3.074944219368356
6.3999999999999515 3.080184912135035
6.419999999999951 3.0852060401646773
6.439999999999951 3.0897976248964705
6.45999999999995 3.0937118747892907
6.47999999999995 3.0967625109185404
6.499999999999949 3.098934405465898
6.519999999999949 3.100457535895787
6.5399999999999485 3.1017982793760135
6.559999999999948 3.103539077051458
6.579999999999948 3.1061572634136096
6.599999999999947 3.109768105261991
6.619999999999947 3.1139438346301063
6.639999999999946 3.1177290056254936
6.659999999999946 3.119919698612321
6.6799999999999455 3.1195624669423383
6.699999999999945 3.116496243328311
6.719999999999945 3.1116724721105173
6.739999999999944 3.1070127753293013
6.759999999999944 3.1047292812831753
6.779999999999943 3.1062991090575602
6.799999999999943 3.111534779578978
6.8199999999999426 3.1182755213328894
6.839999999999942 3.1230350241048503
6.859999999999942 3.1225017798410555
6.879999999999941 3.1152815128676234
6.899999999999941 3.102980244530902
6.91999999999994 3.0898874848282425
6.93999999999994 3.081155491464137
6.95999999999994 3.0802145912414476
6.979999999999939 3.086747895362664
6.999999999999939 3.0964543704865113
7.019999999999938 3.1029776419564588
7.039999999999938 3.1011582404595
7.059999999999937 3.089880645754822
7.079999999999937 3.0728421714475846
7.099999999999937 3.056660364732055
7.119999999999936 3.0472878512698403
7.139999999999936 3.046773395918663
7.159999999999935 3.052270407504335
7.179999999999935 3.0578623469258774
7.1999999999999345 3.058057257936216
7.219999999999934 3.0508062080743104
7.239999999999934 3.0382775952766146
7.259999999999933 3.0251068742807536
7.279999999999933 3.015426759585927
7.299999999999932 3.0106156484287654
7.319999999999932 3.0090295357663335
7.3399999999999315 3.0075681593614014
7.359999999999931 3.003793421353917
7.379999999999931 2.9971898436071154
7.39999999999993 2.9889720726546916
7.41999999999993 2.9808971376918345
7.439999999999929 2.9740726878285173
7.459999999999929 2.9685097481843323
7.4799999999999285 2.963487602211319
7.499999999999928 2.958251026577364
7.519999999999928 2.952487922009272
7.539999999999927 2.9463563267745156
7.559999999999927 2.9402053290086334
7.579999999999926 2.9342862566075354
7.599999999999926 2.9286467825456244
7.6199999999999255 2.9232030420316146
7.639999999999925 2.9178667725691243
7.659999999999925 2.912618796985903
7.679999999999924 2.907503824190024
7.699999999999924 2.9025862192132923
7.719999999999923 2.897914215574426
7.739999999999923 2.8935110287516093
7.7599999999999225 2.889383573703862
7.779999999999922 2.8855325130913556
7.799999999999922 2.8819559571080413
7.819999999999921 2.878649030169969
7.839999999999921 2.875604592086713
7.85999999999992 2.8728177255034613
7.87999999999992 2.870292906283936
7.8999999999999195 2.868050987714109
7.919999999999919 2.866133238283436
7.939999999999919 2.8646005017565175
7.959999999999918 2.8635264637718487
7.979999999999918 2.862985148775108
7.999999999999917 2.863034348656683
8.019999999999918 2.8636984807176624
8.039999999999917 2.864955819608186
8.059999999999917 2.8667355112359534
8.079999999999917 2.8689286763180872
8.099999999999916 2.871414877377058
8.119999999999916 2.8741004927869245
8.139999999999915 2.876960226451363
8.159999999999915 2.880068797421039
8.179999999999914 2.8836086037821147
8.199999999999914 2.887842396617353
8.219999999999914 2.893048570347383
8.239999999999913 2.8994296791270866
8.259999999999913 2.907018805402201
8.279999999999912 2.915618104153375
8.299999999999912 2.924803790166208
8.319999999999911 2.934018336810766
8.339999999999911 2.942743522350275
8.35999999999991 2.9507125834946635
8.37999999999991 2.9580880720752116
8.39999999999991 2.965519871807574
8.41999999999991 2.974018451977938
8.439999999999909 2.9846354236920023
8.459999999999908 2.9980258180802206
8.479999999999908 3.014046929631786
8.499999999999908 3.031587987735521
8.519999999999907 3.0487866880118393
8.539999999999907 3.063659800696577
8.559999999999906 3.074984059480908
8.579999999999906 3.08308233086161
8.599999999999905 3.09009559125682
8.619999999999905 3.0994357674865194
8.639999999999905 3.1144336112144178
8.659999999999904 3.1366272603030696
8.679999999999904 3.1644847684734962
8.699999999999903 3.1933875176787225
8.719999999999903 3.2172792923815443
8.739999999999903 3.231577403611632
8.759999999999902 3.2360785348502956
8.779999999999902 3.2361752926797047
8.799999999999901 3.241158632977144
8.8199999999999 3.2597589805824674
8.8399999999999 3.294836750656323
8.8599999999999 3.340269416677886
8.8799999999999 3.382621353686824
8.899999999999899 3.4078588857291914
8.919999999999899 3.410109957670808
8.939999999999898 3.397202912603097
8.959999999999898 3.3883976020741198
8.979999999999897 3.403856010927753
8.999999999999897 3.451122236587575
9.019999999999897 3.5174701543842968
9.039999999999896 3.575046000159646
9.059999999999896 3.5980243270222214
9.079999999999895 3.5817196459704883
9.099999999999895 3.5496041208763547
9.119999999999894 3.540232261652414
9.139999999999894 3.580122336818847
9.159999999999894 3.661313010435724
9.179999999999893 3.742605493026727
9.199999999999893 3.77791473123733
9.219999999999892 3.753086016885177
9.239999999999892 3.7016741152085793
9.259999999999891 3.6827882228449567
9.279999999999891 3.7341846035667494
9.29999999999989 3.8378160586228898
9.31999999999989 3.9297485341888474
9.33999999999989 3.9510659893301017
9.35999999999989 3.8988925650842967
9.379999999999889 3.8320651020253
9.399999999999888 3.823320152238334
9.419999999999888 3.8982666396471553
9.439999999999888 4.015018689538985
9.459999999999887 4.101383915232686
9.479999999999887 4.113444939826693
9.499999999999886 4.06325675920561
9.519999999999886 3.999367678276609
9.539999999999885 3.9701298367850386
9.559999999999885 4.004130065669217
9.579999999999885 4.10599433198498
9.599999999999884 4.245146493936946
9.619999999999884 4.345251018163732
9.639999999999883 4.318301721121149
9.659999999999883 4.153804136570651
9.679999999999882 3.9809506953956566
9.699999999999882 3.993563891420969
9.719999999999882 4.254588828055681
9.739999999999881 4.574043224843936
9.75999999999988 4.646594361794619
9.77999999999988 4.370029247070206
9.79999999999988 4.007493793912415
9.81999999999988 3.9554799822074886
9.839999999999879 4.312907520079595
9.859999999999879 4.734242300025394
9.879999999999878 4.784354775611276
9.899999999999878 4.428297679842024
9.919999999999877 4.082344511767449
9.939999999999877 4.139714551218482
9.959999999999877 4.521031425438325
9.979999999999876 4.787992934563751
9.999999999999876 4.674658081627787
