1 -0.5209057408932082 -0.5208934137087299
2 0.4392987685352755 0.43931292615711015
3 1.5187423123546098 1.518754044047344
4 2.4026064093231145 2.4026274785487676
5 3.5551370134846128 3.555144565417586
6 4.368586612378055 4.368619060809845
7 5.588853572026544 5.5888530757894435
8 6.336824365402319 6.336873389573246
9 7.620306978053098 7.620294014416918
10 8.307008707517594 8.307080590415564
11 9.649808179985772 9.649777488987311
12 10.278899611533545 10.279002181957615
13 11.677597203161255 11.677542324395668
14 12.252307309330591 12.252450574401468
15 13.703863825301884 13.703776615763509
16 14.227078779192626 14.227275835670008
17 15.728761090049373 15.728631045749443
18 16.203088575250167 16.203356970608798
19 17.752414478394726 17.752227745220196
20 18.180232404608706 18.18059623992198
21 19.77492833242284 19.774666218125002
22 20.158422506822884 20.15891580403711
23 21.796390476702886 21.79602714207887
24 22.1375842523629 22.13825656727551
25 23.81687562066908 23.81637437777026
26 24.117653587579372 24.118579815072728
27 25.836447914475627 25.83575507589644
28 26.098575081177707 26.099873572382265
29 27.855162903304915 27.85419716158614
30 28.08030040685439 28.08216883037212
31 29.873069045463804 29.87170241007822
32 30.06278714792728 30.065579912786248
33 31.890208908424917 31.888231514857285
34 32.04599784352181 32.05041330269626
35 33.90662012323725 33.90367731195551
36 34.02989921860354 34.03750806912414
37 35.92233615500389 35.917861543534265
38 36.01446155577883 36.02957687706301
39 37.93738693148974 37.9312785592817
40 37.999658177731646 38.03896341360762
41 39.951799360980964 39.96816651347337
42 39.985465016952794 40.17395094494537
43 41.96559776272317 42.090576707450666
44 41.97186025505134 42.495379937155775
45 43.95882401806148 43.418139611638274
46 43.97880422763915 43.72561626983229
47 45.94633811721967 45.906273543934944
48 45.99143892289923 45.95270096713226
49 47.93438582698361 47.942532275247544
50 48.00352035085978 47.97705268330706
51 49.92295169380806 49.92868869817545
52 50.01506557059015 50.00208373243691
53 51.91202137052721 51.91614094424319
54 52.02609038846265 52.01838003874492
55 53.90158147222841 53.90465764204437
56 54.03660952295483 54.03149245029235
57 55.89161945030051 55.893995932317395
58 56.04663674777405 56.0429882406401
59 57.882123481980116 57.88401008847022
60 58.05618501661943 58.05345127157618
61 59.87308237320987 59.87461274214912
62 60.065266572265685 60.06314317208688
63 61.864485473025 61.865748365337204
64 62.073893042155724 62.072198568265236
65 63.85632259799886 63.857379196281535
66 64.0820755222962 64.08069494976779
67 65.84858396564537 65.84947781645577
68 66.08982465105065 66.08868138065986
69 67.84126014714732 67.8420232449787
70 68.09715068519822 68.09619138275582
71 69.83434286443955 69.83499630496057
72 70.10406438104178 70.10324491114474
73 71.82786648089746 71.8285039189699
74 72.11061763780263 72.10988945984617
75 73.82318910448126 73.82368074145899
76 74.11807414540883 74.11745763885887
77 75.84279698307114 75.8430581834027
78 76.14591202219844 76.14705596950286
79 78.07484206934213 78.07346642771172
80 78.30035101809679 78.30003664291394
81 80.84727407575701 80.84688497634318
82 81.27452896830744 81.27438527936599
