0.0 0.9999999999999996 0.0
0.05 0.2954778932921413 0.9476042687929424
0.1 -0.8016084223096662 0.5507055975808548
0.15000000000000002 -0.7380306649606263 -0.5858709186097861
0.2 0.3298115222533228 -0.8398134883753895
0.25 0.8505182895802573 0.0676824888442095
0.3 0.1681133413991111 0.7790032412830795
0.35 -0.6450391249648583 0.3532617646893912
0.39999999999999997 -0.4743048620011232 -0.4741667907528012
0.44999999999999996 0.2926196962212248 -0.5289649128353757
0.49999999999999994 0.5244366559404401 0.1230151732972206
0.5499999999999999 0.0184582256291928 0.4743020429950235
0.6 -0.3949813293328014 0.1230886452543358
0.65 -0.1891261729046671 -0.3025382888392143
0.7000000000000001 0.2103752106473582 -0.2202027033124642
0.7500000000000001 0.22328059172203 0.1280178412157981
0.8000000000000002 -0.0609022953573912 0.2066539812033275
0.8500000000000002 -0.1783563644212267 -0.010894509723266
0.9000000000000002 -0.022789926836798 -0.1451315030358404
0.9500000000000003 0.1119591408106413 -0.0425656042991871
1.0000000000000002 0.0515705206603197 0.08202121550183
1.0500000000000003 -0.0569516687701065 0.0529860243833006
1.1000000000000003 -0.0496108197973154 -0.0372194366293118
1.1500000000000004 0.0225290214873516 -0.0436586872523666
1.2000000000000004 0.0367214692544278 0.0121669502994796
1.2500000000000004 -0.0052620482269565 0.0298340790783322
1.3000000000000005 -0.0235877705191529 -0.0009562012627432
1.3500000000000005 -0.0015010408898873 -0.0182533674146245
1.4000000000000006 0.0138917187812782 -0.0027139993839416
1.4500000000000006 0.0031385514433528 0.0104411537669696
1.5000000000000007 -0.0077801542666089 0.0030995450894403
1.5500000000000007 -0.0028162350553982 -0.0057681783830294
1.6000000000000008 0.0042694940146738 -0.0024284453002754
1.6500000000000008 0.0020196157575864 0.0031650505409658
1.7000000000000008 -0.0023566826252853 0.0016352452753002
1.7500000000000009 -0.001296645443174 -0.001766893016011
1.800000000000001 0.0013364441888174 -0.0010106199271963
1.850000000000001 0.0007759266426672 0.0010211473443925
1.900000000000001 -0.0007885947539332 0.0005874257477578
1.950000000000001 -0.0004388353363496 -0.0006151251072239
2.000000000000001 0.0004818364051197 -0.000325100043549
2.0500000000000007 0.0002439035482796 0.0003640006703491
2.1000000000000005 -0.000206818874022 0.0001713820430588
2.1500000000000004 4.97708760391e-5 4.1466325459e-5
2.2 -6.07577871268e-5 0.000713431379005
2.25 -0.0012912779787394 0.001010998566981
2.3 -0.002411552490247 6.29047429701e-5
2.3499999999999996 -0.002258453608666 -0.0010877347621212
2.3999999999999995 -0.0013704730707137 -0.0013095263539492
2.4499999999999993 -0.0006651086088471 -0.0008762977287215
2.499999999999999 -0.0002627041175815 -0.0004555798084577
2.549999999999999 -2.80586783597e-5 -0.0001797636828277
2.5999999999999988 2.12862783334e-5 -8.8335225618e-6
2.6499999999999986 -2.49370272573e-5 1.76687381771e-5
2.6999999999999984 -1.52077163141e-5 -2.21985248273e-5
2.7499999999999982 2.11764471349e-5 -9.812587198e-6
2.799999999999998 4.5703125754e-6 1.8887416892e-5
2.849999999999998 -1.71422383214e-5 1.2385320307e-6
2.8999999999999977 2.1533797888e-6 -1.48003735312e-5
2.9499999999999975 1.2508693839e-5 4.1570532489e-6
2.9999999999999973 -6.0948862289e-6 1.02429542839e-5
3.049999999999997 -7.8724750064e-6 -7.1326662662e-6
3.099999999999997 7.958596236e-6 -5.7599055654e-6
3.149999999999997 3.5783133683e-6 8.2463141901e-6
3.1999999999999966 -8.251322368e-6 1.6947898398e-6
3.2499999999999964 1.586608911e-7 -7.9407920427e-6
3.2999999999999963 7.3519298526e-6 1.7389159825e-6
3.349999999999996 -3.1951323184e-6 6.5698229883e-6
3.399999999999996 -5.5582342283e-6 -4.4070416359e-6
3.4499999999999957 5.4287685031e-6 -4.4198807739e-6
3.4999999999999956 3.1169956585e-6 6.2193343157e-6
3.5499999999999954 -6.7797391342e-6 1.7306235803e-6
3.599999999999995 -2.447913762e-7 -7.1064016965e-6
3.649999999999995 7.1792914131e-6 1.2868699439e-6
3.699999999999995 -2.8577827849e-6 7.0037226989e-6
3.7499999999999947 -6.5575830084e-6 -4.4308255646e-6
3.7999999999999945 5.9871255731e-6 -5.8455273553e-6
3.8499999999999943 4.8416273359e-6 7.4990781185e-6
3.899999999999994 -8.9258665313e-6 3.5440736138e-6
3.949999999999994 -1.9471555503e-6 -1.02472924411e-5
3.999999999999994 1.14315601089e-5 -1.50078055e-8
4.049999999999994 -2.2587473573e-6 1.24017533933e-5
4.099999999999993 -1.31742789815e-5 -4.8670685325e-6
4.149999999999993 8.0171692082e-6 -1.37014175793e-5
4.199999999999993 1.36981004175e-5 1.19558732147e-5
4.249999999999993 -1.77227948671e-5 1.2433539156e-5
4.299999999999993 -6.4648924202e-6 -2.83996645386e-5
4.3499999999999925 5.36007958631e-5 1.16096619572e-5
4.399999999999992 -4.77311355558e-5 0.0001262241665904
4.449999999999992 -0.000318809265881 -5.81240306734e-5
4.499999999999992 -0.000169760180609 -0.0006585108749906
4.549999999999992 0.0007526074043985 -0.000940363179688
4.599999999999992 0.0017484808117275 -0.0002932513017694
4.6499999999999915 0.0020194484248632 0.0007840565803968
4.699999999999991 0.0016505629659974 0.0014865337860509
4.749999999999991 0.0010472381605303 0.0015870406710921
4.799999999999991 0.0004289619641879 0.001152698047414
4.849999999999991 9.03496013199e-5 0.000417133358244
4.899999999999991 0.0001611825414498 -5.12820641575e-5
4.94999999999999 0.0002286484168859 4.8161329166e-6
4.99999999999999 5.93834827127e-5 8.49970912373e-5
5.04999999999999 9.00046240174e-5 -2.44364458988e-5
5.09999999999999 0.0002699823841601 0.0002638759867618
5.14999999999999 -0.0003228758164267 0.0007318263213118
5.1999999999999895 -0.0013496223800966 -7.10206067776e-5
5.249999999999989 -0.0006376313403292 -0.0019137548148321
5.299999999999989 0.002070968764979 -0.001812022231671
5.349999999999989 0.0031783636207471 0.0014455885612041
5.399999999999989 0.0001624468325925 0.0041628199377936
5.449999999999989 -0.0040063860519752 0.002522589465997
5.4999999999999885 -0.0048373175985271 -0.0020852504781307
5.549999999999988 -0.0016673226984575 -0.0058182987746893
5.599999999999988 0.0040938429534484 -0.0064031718957939
5.649999999999988 0.0102952876692617 -0.0011475693988439
5.699999999999988 0.0094753162422362 0.0109411697625501
5.749999999999988 -0.0062194419023587 0.0188463179600379
5.799999999999987 -0.0258347954168541 0.0046288959102891
5.849999999999987 -0.0201346493621282 -0.0265796861586615
5.899999999999987 0.0182519807514886 -0.0364061299061267
5.949999999999987 0.0479054625808399 0.0005545348187885
5.999999999999987 0.0233758150809928 0.0491284902655747
6.0499999999999865 -0.0367294806192889 0.0471905163633948
6.099999999999986 -0.0628455000401397 -0.0113411205070934
6.149999999999986 -0.0216762514059319 -0.0630991320714078
6.199999999999986 0.044240150896297 -0.0530411172092493
6.249999999999986 0.0718855210659022 0.0080981716546481
6.299999999999986 0.0374794699740039 0.069030212271046
6.349999999999985 -0.0402152114138479 0.080052060256801
6.399999999999985 -0.1056661014241322 0.0117829177390985
6.449999999999985 -0.0769353217956771 -0.1027806086876496
6.499999999999985 0.0658991981010848 -0.1398773432040916
6.549999999999985 0.1835404308481774 -0.002199559053106
6.5999999999999845 0.0903612803628879 0.1935477330221529
6.649999999999984 -0.1621715598793811 0.1812162042334774
6.699999999999984 -0.255093926263312 -0.0907584790171044
6.749999999999984 -0.0100766801119054 -0.2947018188422408
6.799999999999984 0.2893538511209387 -0.1226106602457366
6.849999999999984 0.226004923351428 0.2375490833611585
6.8999999999999835 -0.1471206707626722 0.3008668055392778
6.949999999999983 -0.3327152834036187 -0.033478198550572
6.999999999999983 -0.0822046748559026 -0.3144999674596992
7.049999999999983 0.2505552052300488 -0.176071426986084
7.099999999999983 0.230512453521469 0.1579553518604833
7.149999999999983 -0.0570203423777196 0.2405655783078522
7.199999999999982 -0.206983013732186 0.0350130005467759
7.249999999999982 -0.0987294627612586 -0.1360101095995578
7.299999999999982 0.0455642837672133 -0.1191759820959899
7.349999999999982 0.0930987755136254 -0.0428425429794557
7.399999999999982 0.1092611879476991 0.0254409844042078
7.4499999999999815 0.0708186273592612 0.1369338900115782
7.499999999999981 -0.1161761412499644 0.1767018898639613
7.549999999999981 -0.2708519982899008 -0.0458904101608024
7.599999999999981 -0.0662813948918134 -0.3331731623146478
7.649999999999981 0.3480956948553226 -0.2052737765615881
7.699999999999981 0.3510251114291673 0.3070973737638938
7.7499999999999805 -0.2099261616804186 0.4816072351795133
7.79999999999998 -0.5765036519251002 -0.0646170135333683
7.84999999999998 -0.1137799083774302 -0.6195329868367532
7.89999999999998 0.6010459632207 -0.3053500530067594
7.94999999999998 0.4880803390109711 0.519093907303029
7.99999999999998 -0.3795375727410143 0.6407371704411816
8.04999999999998 -0.7455145996118673 -0.1951061003659754
8.09999999999998 -0.0163345945079108 -0.7900925784906976
8.14999999999998 0.7689055016531752 -0.2340698380035648
8.199999999999982 0.4370083518800404 0.6835248064462089
8.249999999999982 -0.5421774242161032 0.6060567908518164
8.299999999999983 -0.7260974989444215 -0.3585419333215336
8.349999999999984 0.1500121617638976 -0.7873924528841231
8.399999999999984 0.7862929331551077 -0.0643130867036646
8.449999999999985 0.2656783018346519 0.7252461925466008
8.499999999999986 -0.6121604823314173 0.4375178575993406
8.549999999999986 -0.566932572424132 -0.4592573060990203
8.599999999999987 0.281584470032702 -0.6456675824935053
8.649999999999988 0.6705447193477926 0.0953728272073968
8.699999999999989 0.0835748020367894 0.6433570413139954
8.74999999999999 -0.570290835707441 0.2413079806974195
8.79999999999999 -0.3668422205911518 -0.4609826834500292
8.84999999999999 0.3273412888382852 -0.4528849782714068
8.899999999999991 0.4961450255824413 0.1822725500340637
8.949999999999992 -0.0384431138562178 0.4972384857066516
8.999999999999993 -0.4602416267887591 0.0928036475982918
9.049999999999994 -0.2022815823457976 -0.3919798116902642
9.099999999999994 0.3011714190994126 -0.2834864336971576
9.149999999999995 0.3328408835338032 0.1975856527707916
9.199999999999996 -0.0912785920492232 0.3498321174876874
9.249999999999996 -0.337190955269678 0.0083830082293344
9.299999999999997 -0.0943348477006812 -0.3004891288238054
9.349999999999998 0.245896524312578 -0.1629436012417732
9.399999999999999 0.2117955446774304 0.1778492933779817
9.45 -0.1018731121064933 0.2368067334019842
9.5 -0.2370004822396162 -0.0280579268269549
9.55 -0.0362076954636879 -0.2186708246775016
9.600000000000001 0.1865269440852155 -0.0899789739850909
9.650000000000002 0.1300676070962786 0.1425172975045297
9.700000000000003 -0.0925892587753206 0.1535429714715587
9.750000000000004 -0.1614866062976206 -0.042027928544029
9.800000000000004 -0.0053712827071476 -0.1551513747744861
9.850000000000005 0.1368775680477286 -0.0459426946722204
9.900000000000006 0.0772946569559679 0.1097880174732966
9.950000000000006 -0.0772886656036289 0.0980416841423883
10.000000000000007 -0.1078953379900926 -0.042776504443667
