0.0 -6.283185307179586 -0.0 0.0
0.0 -5.026548245743669 -0.0 0.0
0.0 -3.7699111843077517 -0.0 0.0
0.0 -2.5132741228718345 -0.0 0.0
0.0 -1.2566370614359172 -4.03413955e-8 2.625250301e-7
0.0 0.0 0.2289977368925867 -0.9374621169568838
0.0 1.2566370614359172 -2.1382313295429265e113 -9.17658527043185e112
0.0 2.5132741228718345 -2.151237742579737e207 -2.048544596651041e207
0.0 3.7699111843077517 NaN NaN
0.0 5.026548245743669 NaN NaN
0.0 6.283185307179586 NaN NaN
1.2566370614359172 -6.283185307179586 0.0 0.0
1.2566370614359172 -5.026548245743669 0.0 0.0
1.2566370614359172 -3.7699111843077517 0.0 0.0
1.2566370614359172 -2.5132741228718345 0.0 0.0
1.2566370614359172 -1.2566370614359172 3.578027432e-7 8.0506741e-8
1.2566370614359172 0.0 0.8873805776870697 -0.4236078520092
1.2566370614359172 1.2566370614359172 -8.079668117001421e113 2.0675723074541072e113
1.2566370614359172 2.5132741228718345 -9.912282014190454e207 3.251889218216481e207
1.2566370614359172 3.7699111843077517 NaN NaN
1.2566370614359172 5.026548245743669 NaN NaN
1.2566370614359172 6.283185307179586 NaN NaN
2.5132741228718345 -6.283185307179586 0.0 -0.0
2.5132741228718345 -5.026548245743669 0.0 -0.0
2.5132741228718345 -3.7699111843077517 0.0 -0.0
2.5132741228718345 -2.5132741228718345 0.0 -0.0
2.5132741228718345 -1.2566370614359172 1.491802056e-7 -2.375470905e-7
2.5132741228718345 0.0 0.8709056517914219 0.4136253395500292
2.5132741228718345 1.2566370614359172 -5.5776958927888166e113 1.0149921077149677e114
2.5132741228718345 2.5132741228718345 -8.124811677413174e207 1.3584170149219758e208
2.5132741228718345 3.7699111843077517 NaN NaN
2.5132741228718345 5.026548245743669 NaN NaN
2.5132741228718345 6.283185307179586 NaN NaN
3.7699111843077517 -6.283185307179586 -0.0 0.0
3.7699111843077517 -5.026548245743669 -0.0 0.0
3.7699111843077517 -3.7699111843077517 -0.0 0.0
3.7699111843077517 -2.5132741228718345 -0.0 0.0
3.7699111843077517 -1.2566370614359172 -6.523433471e-7 8.303193101e-7
3.7699111843077517 0.0 0.2587806105871794 0.9048619773406082
3.7699111843077517 1.2566370614359172 -2.1204592388370865e113 1.1035509369692766e114
3.7699111843077517 2.5132741228718345 8.358960286546054e206 1.249820149594312e208
3.7699111843077517 3.7699111843077517 NaN NaN
3.7699111843077517 5.026548245743669 NaN NaN
3.7699111843077517 6.283185307179586 NaN NaN
5.026548245743669 -6.283185307179586 0.0 0.0
5.026548245743669 -5.026548245743669 0.0 0.0
5.026548245743669 -3.7699111843077517 0.0 0.0
5.026548245743669 -2.5132741228718345 0.0 0.0
5.026548245743669 -1.2566370614359172 3.3640439485e-6 3.8518663599e-6
5.026548245743669 0.0 -0.5086778011256018 0.8094337870671036
5.026548245743669 1.2566370614359172 -2.5940152853288863e114 -1.4654592578560103e114
5.026548245743669 2.5132741228718345 -4.2476906638649375e208 -2.06360638461663e208
5.026548245743669 3.7699111843077517 NaN NaN
5.026548245743669 5.026548245743669 NaN NaN
5.026548245743669 6.283185307179586 NaN NaN
6.283185307179586 -6.283185307179586 0.0 0.0
6.283185307179586 -5.026548245743669 0.0 0.0
6.283185307179586 -3.7699111843077517 0.0 0.0
6.283185307179586 -2.5132741228718345 0.0 0.0
6.283185307179586 -1.2566370614359172 7.5779910698e-6 2.2040768655e-6
6.283185307179586 0.0 -0.9715781328853182 0.1293099029163375
6.283185307179586 1.2566370614359172 -3.571462509159863e114 4.624038843601303e114
6.283185307179586 2.5132741228718345 -5.0814821720584695e208 6.278001314613638e208
6.283185307179586 3.7699111843077517 NaN NaN
6.283185307179586 5.026548245743669 NaN NaN
6.283185307179586 6.283185307179586 NaN NaN
7.5398223686155035 -6.283185307179586 0.0 -0.0
7.5398223686155035 -5.026548245743669 0.0 -0.0
7.5398223686155035 -3.7699111843077517 0.0 -0.0
7.5398223686155035 -2.5132741228718345 0.0 -0.0
7.5398223686155035 -1.2566370614359172 7.1866731697e-6 -1.74107433272e-5
7.5398223686155035 0.0 -0.7101062585859254 -0.6706622044956958
7.5398223686155035 1.2566370614359172 -5.637795539993487e114 1.4046201723680352e115
7.5398223686155035 2.5132741228718345 -6.924650168482874e208 1.8685394817009403e209
7.5398223686155035 3.7699111843077517 NaN NaN
7.5398223686155035 5.026548245743669 NaN NaN
7.5398223686155035 6.283185307179586 NaN NaN
8.79645943005142 -6.283185307179586 -0.0 -0.0
8.79645943005142 -5.026548245743669 -0.0 -0.0
8.79645943005142 -3.7699111843077517 -0.0 -0.0
8.79645943005142 -2.5132741228718345 -0.0 -0.0
8.79645943005142 -1.2566370614359172 -1.52083185819e-5 -1.454048726e-6
8.79645943005142 0.0 0.0514157764629033 -0.9607491741284228
8.79645943005142 1.2566370614359172 5.537099207732603e114 -4.967763940073224e113
8.79645943005142 2.5132741228718345 8.340673392536822e208 1.0917035435847921e205
8.79645943005142 3.7699111843077517 NaN NaN
8.79645943005142 5.026548245743669 NaN NaN
8.79645943005142 6.283185307179586 NaN NaN
10.053096491487338 -6.283185307179586 -0.0 0.0
10.053096491487338 -5.026548245743669 -0.0 0.0
10.053096491487338 -3.7699111843077517 -0.0 0.0
10.053096491487338 -2.5132741228718345 -0.0 0.0
10.053096491487338 -1.2566370614359172 -4.038791383e-6 2.9239733335e-6
10.053096491487338 0.0 0.7594346751637706 -0.5836290144088748
10.053096491487338 1.2566370614359172 1.0526549365836459e115 3.833887037599785e114
10.053096491487338 2.5132741228718345 1.8780448710043003e209 5.894970718303467e208
10.053096491487338 3.7699111843077517 NaN NaN
10.053096491487338 5.026548245743669 NaN NaN
10.053096491487338 6.283185307179586 NaN NaN
11.309733552923255 -6.283185307179586 0.0 -0.0
11.309733552923255 -5.026548245743669 0.0 -0.0
11.309733552923255 -3.7699111843077517 0.0 -0.0
11.309733552923255 -2.5132741228718345 0.0 -0.0
11.309733552923255 -1.2566370614359172 3.3028702868e-6 -1.5490153826e-6
11.309733552923255 0.0 0.9306447200773836 0.1986141045355926
11.309733552923255 1.2566370614359172 5.871486708504106e114 -9.836794398903421e114
11.309733552923255 2.5132741228718345 1.0334860460585231e209 -1.2533440781831048e209
11.309733552923255 3.7699111843077517 NaN NaN
11.309733552923255 5.026548245743669 NaN NaN
11.309733552923255 6.283185307179586 NaN NaN
12.566370614359172 -6.283185307179586 -0.0 -0.0
12.566370614359172 -5.026548245743669 -0.0 -0.0
12.566370614359172 -3.7699111843077517 -0.0 -0.0
12.566370614359172 -2.5132741228718345 -0.0 -0.0
12.566370614359172 -1.2566370614359172 -5.4097574516e-6 -3.6725274259e-6
12.566370614359172 0.0 0.4632265695133128 0.8252320535928647
12.566370614359172 1.2566370614359172 1.283916169274965e115 7.455048912541045e114
12.566370614359172 2.5132741228718345 2.1302697435703145e209 1.079053567490137e209
12.566370614359172 3.7699111843077517 NaN NaN
12.566370614359172 5.026548245743669 NaN NaN
12.566370614359172 6.283185307179586 NaN NaN
13.82300767579509 -6.283185307179586 -0.0 -0.0
13.82300767579509 -5.026548245743669 -0.0 -0.0
13.82300767579509 -3.7699111843077517 -0.0 -0.0
13.82300767579509 -2.5132741228718345 -0.0 -0.0
13.82300767579509 -1.2566370614359172 -9.5385697378e-6 -8.3921713967e-6
13.82300767579509 0.0 -0.3221505956468952 0.9115425854677544
13.82300767579509 1.2566370614359172 1.1280860643980153e115 -1.4372065946494002e114
13.82300767579509 2.5132741228718345 1.3766813218904271e209 -3.90017612458633e208
13.82300767579509 3.7699111843077517 NaN NaN
13.82300767579509 5.026548245743669 NaN NaN
13.82300767579509 6.283185307179586 NaN NaN
15.079644737231007 -6.283185307179586 -0.0 0.0
15.079644737231007 -5.026548245743669 -0.0 0.0
15.079644737231007 -3.7699111843077517 -0.0 0.0
15.079644737231007 -2.5132741228718345 -0.0 0.0
15.079644737231007 -1.2566370614359172 -5.3148165676e-6 1.28554857555e-5
15.079644737231007 0.0 -0.9341545585542156 0.3336452256990538
15.079644737231007 1.2566370614359172 1.6176953062139747e115 -1.4197951055183944e115
15.079644737231007 2.5132741228718345 2.1642401512412358e209 -2.126498980819157e209
15.079644737231007 3.7699111843077517 NaN NaN
15.079644737231007 5.026548245743669 NaN NaN
15.079644737231007 6.283185307179586 NaN NaN
16.336281798666924 -6.283185307179586 0.0 0.0
16.336281798666924 -5.026548245743669 0.0 0.0
16.336281798666924 -3.7699111843077517 0.0 0.0
16.336281798666924 -2.5132741228718345 0.0 0.0
16.336281798666924 -1.2566370614359172 7.146121159e-6 6.8391890152e-6
16.336281798666924 0.0 -0.8304955918433892 -0.5153693674811103
16.336281798666924 1.2566370614359172 -6.043152512414522e114 -1.007805403588934e115
16.336281798666924 2.5132741228718345 -9.468952312643247e208 -2.055134379216487e209
16.336281798666924 3.7699111843077517 NaN NaN
16.336281798666924 5.026548245743669 NaN NaN
16.336281798666924 6.283185307179586 NaN NaN
17.59291886010284 -6.283185307179586 0.0 -0.0
17.59291886010284 -5.026548245743669 0.0 -0.0
17.59291886010284 -3.7699111843077517 0.0 -0.0
17.59291886010284 -2.5132741228718345 0.0 -0.0
17.59291886010284 -1.2566370614359172 2.9851123133e-6 -1.43370505149e-5
17.59291886010284 0.0 -0.146462513702633 -0.931079444128808
17.59291886010284 1.2566370614359172 -6.438846152160269e114 1.38702410291692e115
17.59291886010284 2.5132741228718345 -1.0255677087558614e209 1.6997341987183132e209
17.59291886010284 3.7699111843077517 NaN NaN
17.59291886010284 5.026548245743669 NaN NaN
17.59291886010284 6.283185307179586 NaN NaN
18.84955592153876 -6.283185307179586 -0.0 -0.0
18.84955592153876 -5.026548245743669 -0.0 -0.0
18.84955592153876 -3.7699111843077517 -0.0 -0.0
18.84955592153876 -2.5132741228718345 -0.0 -0.0
18.84955592153876 -1.2566370614359172 -9.2371753442e-6 -6.03605768e-8
18.84955592153876 0.0 0.5918914038915731 -0.7353091926445904
18.84955592153876 1.2566370614359172 7.872942073786766e114 -4.827867887054481e114
18.84955592153876 2.5132741228718345 9.187060665609854e208 -1.2663810007032177e209
18.84955592153876 3.7699111843077517 NaN NaN
18.84955592153876 5.026548245743669 NaN NaN
18.84955592153876 6.283185307179586 NaN NaN
20.106192982974676 -6.283185307179586 0.0 0.0
20.106192982974676 -5.026548245743669 0.0 0.0
20.106192982974676 -3.7699111843077517 0.0 0.0
20.106192982974676 -2.5132741228718345 0.0 0.0
20.106192982974676 -1.2566370614359172 3.5750811123e-6 3.4345003129e-6
20.106192982974676 0.0 0.9691750543741138 -0.0289815786194592
20.106192982974676 1.2566370614359172 -1.7768345342514317e114 3.010256419348759e114
20.106192982974676 2.5132741228718345 -2.633718388922498e207 6.3565439649241435e208
20.106192982974676 3.7699111843077517 NaN NaN
20.106192982974676 5.026548245743669 NaN NaN
20.106192982974676 6.283185307179586 NaN NaN
21.362830044410593 -6.283185307179586 0.0 -0.0
21.362830044410593 -5.026548245743669 0.0 -0.0
21.362830044410593 -3.7699111843077517 0.0 -0.0
21.362830044410593 -2.5132741228718345 0.0 -0.0
21.362830044410593 -1.2566370614359172 9.2112725493e-6 -8.8809198753e-6
21.362830044410593 0.0 0.6381545179041151 0.734031735961056
21.362830044410593 1.2566370614359172 -5.964606543919032e113 9.80917409116671e114
21.362830044410593 2.5132741228718345 8.233092659782252e206 1.2167939701104107e209
21.362830044410593 3.7699111843077517 NaN NaN
21.362830044410593 5.026548245743669 NaN NaN
21.362830044410593 6.283185307179586 NaN NaN
22.61946710584651 -6.283185307179586 -0.0 -0.0
22.61946710584651 -5.026548245743669 -0.0 -0.0
22.61946710584651 -3.7699111843077517 -0.0 -0.0
22.61946710584651 -2.5132741228718345 -0.0 -0.0
22.61946710584651 -1.2566370614359172 -2.0644860529e-6 -1.63825606647e-5
22.61946710584651 0.0 -0.1470871338228616 0.950871303617095
22.61946710584651 1.2566370614359172 8.43143263354576e114 2.0036913164433675e115
22.61946710584651 2.5132741228718345 1.0681522682809275e209 3.086086197399964e209
22.61946710584651 3.7699111843077517 NaN NaN
22.61946710584651 5.026548245743669 NaN NaN
22.61946710584651 6.283185307179586 NaN NaN
23.876104167282428 -6.283185307179586 -0.0 -0.0
23.876104167282428 -5.026548245743669 -0.0 -0.0
23.876104167282428 -3.7699111843077517 -0.0 -0.0
23.876104167282428 -2.5132741228718345 -0.0 -0.0
23.876104167282428 -1.2566370614359172 -1.60864162882e-5 -6.9992195255e-6
23.876104167282428 0.0 -0.8186350713303596 0.5092937750346679
23.876104167282428 1.2566370614359172 1.0077294694422392e115 2.093043533000432e114
23.876104167282428 2.5132741228718345 1.1958481646449e209 1.1040363843802414e208
23.876104167282428 3.7699111843077517 NaN NaN
23.876104167282428 5.026548245743669 NaN NaN
23.876104167282428 6.283185307179586 NaN NaN
25.132741228718345 -6.283185307179586 0.0 0.0
25.132741228718345 -5.026548245743669 0.0 0.0
25.132741228718345 -3.7699111843077517 0.0 0.0
25.132741228718345 -2.5132741228718345 0.0 0.0
25.132741228718345 -1.2566370614359172 5.9674476944e-6 3.6204745946e-6
25.132741228718345 0.0 -0.916048071583364 -0.2996366097208618
25.132741228718345 1.2566370614359172 8.64083544630364e114 2.420814340749315e114
25.132741228718345 2.5132741228718345 9.491207346166934e208 5.731991484123176e208
25.132741228718345 3.7699111843077517 NaN NaN
25.132741228718345 5.026548245743669 NaN NaN
25.132741228718345 6.283185307179586 NaN NaN
26.389378290154262 -6.283185307179586 -0.0 -0.0
26.389378290154262 -5.026548245743669 -0.0 -0.0
26.389378290154262 -3.7699111843077517 -0.0 -0.0
26.389378290154262 -2.5132741228718345 -0.0 -0.0
26.389378290154262 -1.2566370614359172 -8.0976745686e-6 -1.15684931038e-5
26.389378290154262 0.0 -0.3633679938964136 -0.8815827067095372
26.389378290154262 1.2566370614359172 1.8618224896818537e115 1.262578112785433e114
26.389378290154262 2.5132741228718345 2.5574235062099067e209 -3.498394598853681e207
26.389378290154262 3.7699111843077517 NaN NaN
26.389378290154262 5.026548245743669 NaN NaN
26.389378290154262 6.283185307179586 NaN NaN
27.64601535159018 -6.283185307179586 -0.0 0.0
27.64601535159018 -5.026548245743669 -0.0 0.0
27.64601535159018 -3.7699111843077517 -0.0 0.0
27.64601535159018 -2.5132741228718345 -0.0 0.0
27.64601535159018 -1.2566370614359172 -3.0604649763e-6 8.8251404975e-6
27.64601535159018 0.0 0.4249213484106846 -0.860754774283281
27.64601535159018 1.2566370614359172 7.581631889473936e114 -1.1038145910699909e113
27.64601535159018 2.5132741228718345 4.77527509100008e208 3.2589632234679216e208
27.64601535159018 3.7699111843077517 NaN NaN
27.64601535159018 5.026548245743669 NaN NaN
27.64601535159018 6.283185307179586 NaN NaN
28.902652413026097 -6.283185307179586 0.0 -0.0
28.902652413026097 -5.026548245743669 0.0 -0.0
28.902652413026097 -3.7699111843077517 0.0 -0.0
28.902652413026097 -2.5132741228718345 0.0 -0.0
28.902652413026097 -1.2566370614359172 2.3321493104e-6 -1.14849611544e-5
28.902652413026097 0.0 0.95296047669319 -0.2314844025599309
28.902652413026097 1.2566370614359172 1.0732476420121918e115 9.57100648509032e114
28.902652413026097 2.5132741228718345 2.0586619532307566e209 1.1177874538176413e209
28.902652413026097 3.7699111843077517 NaN NaN
28.902652413026097 5.026548245743669 NaN NaN
28.902652413026097 6.283185307179586 NaN NaN
30.159289474462014 -6.283185307179586 -0.0 0.0
30.159289474462014 -5.026548245743669 -0.0 0.0
30.159289474462014 -3.7699111843077517 -0.0 0.0
30.159289474462014 -2.5132741228718345 -0.0 0.0
30.159289474462014 -1.2566370614359172 -5.1149366291e-6 9.9073020882e-6
30.159289474462014 0.0 0.7724867469246314 0.5953784197770537
30.159289474462014 1.2566370614359172 6.42751826443936e114 7.934445620517247e114
30.159289474462014 2.5132741228718345 5.8738019519774875e208 7.93380371413268e208
30.159289474462014 3.7699111843077517 NaN NaN
30.159289474462014 5.026548245743669 NaN NaN
30.159289474462014 6.283185307179586 NaN NaN
31.41592653589793 -6.283185307179586 0.0 0.0
31.41592653589793 -5.026548245743669 0.0 0.0
31.41592653589793 -3.7699111843077517 0.0 0.0
31.41592653589793 -2.5132741228718345 0.0 0.0
31.41592653589793 -1.2566370614359172 6.7396338362e-6 3.8315194226e-6
31.41592653589793 0.0 0.0468762147659515 0.9431747497790882
31.41592653589793 1.2566370614359172 -2.9555642537262934e114 1.2130981582386885e115
31.41592653589793 2.5132741228718345 -6.587343362169425e208 1.2944056680047443e209
31.41592653589793 3.7699111843077517 NaN NaN
31.41592653589793 5.026548245743669 NaN NaN
31.41592653589793 6.283185307179586 NaN NaN
32.67256359733385 -6.283185307179586 0.0 0.0
32.67256359733385 -5.026548245743669 0.0 0.0
32.67256359733385 -3.7699111843077517 0.0 0.0
32.67256359733385 -2.5132741228718345 0.0 0.0
32.67256359733385 -1.2566370614359172 1.99762705481e-5 9.1098998474e-6
32.67256359733385 0.0 -0.6625910621326208 0.6667163476919913
32.67256359733385 1.2566370614359172 -2.1804994429241115e115 3.628763573664034e113
32.67256359733385 2.5132741228718345 -3.5908420057413505e209 -3.7680452434822496e208
32.67256359733385 3.7699111843077517 NaN NaN
32.67256359733385 5.026548245743669 NaN NaN
32.67256359733385 6.283185307179586 NaN NaN
33.929200658769766 -6.283185307179586 0.0 -0.0
33.929200658769766 -5.026548245743669 0.0 -0.0
33.929200658769766 -3.7699111843077517 0.0 -0.0
33.929200658769766 -2.5132741228718345 0.0 -0.0
33.929200658769766 -1.2566370614359172 1.56159794292e-5 -2.15845635758e-5
33.929200658769766 0.0 -0.9673491539518192 -0.0671454295107524
33.929200658769766 1.2566370614359172 -8.786800961124536e114 1.8608294842008298e115
33.929200658769766 2.5132741228718345 -9.416242545244438e208 2.587587421579687e209
33.929200658769766 3.7699111843077517 NaN NaN
33.929200658769766 5.026548245743669 NaN NaN
33.929200658769766 6.283185307179586 NaN NaN
35.18583772020568 -6.283185307179586 -0.0 -0.0
35.18583772020568 -5.026548245743669 -0.0 -0.0
35.18583772020568 -3.7699111843077517 -0.0 -0.0
35.18583772020568 -2.5132741228718345 -0.0 -0.0
35.18583772020568 -1.2566370614359172 -3.3184642726e-6 -8.0086597796e-6
35.18583772020568 0.0 -0.5653485057169622 -0.804426018191071
35.18583772020568 1.2566370614359172 -1.697054319602929e115 2.6363103867521103e115
35.18583772020568 2.5132741228718345 -2.718909243798508e209 3.7353871918675796e209
35.18583772020568 3.7699111843077517 NaN NaN
35.18583772020568 5.026548245743669 NaN NaN
35.18583772020568 6.283185307179586 NaN NaN
36.4424747816416 -6.283185307179586 0.0 -0.0
36.4424747816416 -5.026548245743669 0.0 -0.0
36.4424747816416 -3.7699111843077517 0.0 -0.0
36.4424747816416 -2.5132741228718345 0.0 -0.0
36.4424747816416 -1.2566370614359172 1.10353904335e-5 -8.3164058414e-6
36.4424747816416 0.0 0.2561748459300676 -0.9358363831137134
36.4424747816416 1.2566370614359172 1.503773868640441e115 1.5298755881063524e115
36.4424747816416 2.5132741228718345 2.296873261160625e209 3.43925480486088e209
36.4424747816416 3.7699111843077517 NaN NaN
36.4424747816416 5.026548245743669 NaN NaN
36.4424747816416 6.283185307179586 NaN NaN
37.69911184307752 -6.283185307179586 -0.0 -0.0
37.69911184307752 -5.026548245743669 -0.0 -0.0
37.69911184307752 -3.7699111843077517 -0.0 -0.0
37.69911184307752 -2.5132741228718345 -0.0 -0.0
37.69911184307752 -1.2566370614359172 -5.22115206e-8 -1.00048306533e-5
37.69911184307752 0.0 0.8710498590094975 -0.4091709214683826
37.69911184307752 1.2566370614359172 -4.283470215534664e114 1.6258546546256326e115
37.69911184307752 2.5132741228718345 -9.075553394320642e208 2.2457842359608575e209
37.69911184307752 3.7699111843077517 NaN NaN
37.69911184307752 5.026548245743669 NaN NaN
37.69911184307752 6.283185307179586 NaN NaN
38.955748904513435 -6.283185307179586 0.0 -0.0
38.955748904513435 -5.026548245743669 0.0 -0.0
38.955748904513435 -3.7699111843077517 0.0 -0.0
38.955748904513435 -2.5132741228718345 0.0 -0.0
38.955748904513435 -1.2566370614359172 5.9409964717e-6 -1.57473356823e-5
38.955748904513435 0.0 0.8722050834413199 0.3979271354605872
38.955748904513435 1.2566370614359172 1.1029346614888748e115 2.154184799550685e115
38.955748904513435 2.5132741228718345 1.8012183956260755e209 3.289540131244244e209
38.955748904513435 3.7699111843077517 NaN NaN
38.955748904513435 5.026548245743669 NaN NaN
38.955748904513435 6.283185307179586 NaN NaN
40.21238596594935 -6.283185307179586 -0.0 -0.0
40.21238596594935 -5.026548245743669 -0.0 -0.0
40.21238596594935 -3.7699111843077517 -0.0 -0.0
40.21238596594935 -2.5132741228718345 -0.0 -0.0
40.21238596594935 -1.2566370614359172 -2.15698340517e-5 -4.6261289734e-6
40.21238596594935 0.0 0.264577664985966 0.9085356450557746
40.21238596594935 1.2566370614359172 2.1735462835529865e115 1.7423803725218257e114
40.21238596594935 2.5132741228718345 2.992956189140034e209 -1.0046566161968743e208
40.21238596594935 3.7699111843077517 NaN NaN
40.21238596594935 5.026548245743669 NaN NaN
40.21238596594935 6.283185307179586 NaN NaN
41.46902302738527 -6.283185307179586 -0.0 0.0
41.46902302738527 -5.026548245743669 -0.0 0.0
41.46902302738527 -3.7699111843077517 -0.0 0.0
41.46902302738527 -2.5132741228718345 -0.0 0.0
41.46902302738527 -1.2566370614359172 -7.495910709e-7 7.4409401244e-6
41.46902302738527 0.0 -0.5060644170087496 0.8052106897420516
41.46902302738527 1.2566370614359172 -7.025519033349644e114 -1.0783737542141916e115
41.46902302738527 2.5132741228718345 -1.2205696380763962e209 -1.690430081301705e209
41.46902302738527 3.7699111843077517 NaN NaN
41.46902302738527 5.026548245743669 NaN NaN
41.46902302738527 6.283185307179586 NaN NaN
42.725660088821186 -6.283185307179586 -0.0 0.0
42.725660088821186 -5.026548245743669 -0.0 0.0
42.725660088821186 -3.7699111843077517 -0.0 0.0
42.725660088821186 -2.5132741228718345 -0.0 0.0
42.725660088821186 -1.2566370614359172 -3.4907122738e-6 1.06756308237e-5
42.725660088821186 0.0 -0.9698423849038598 0.1405406004693919
42.725660088821186 1.2566370614359172 -2.7983607962042626e114 -1.235349177513448e114
42.725660088821186 2.5132741228718345 -1.8870732176082306e208 -5.888788348570033e208
42.725660088821186 3.7699111843077517 NaN NaN
42.725660088821186 5.026548245743669 NaN NaN
42.725660088821186 6.283185307179586 NaN NaN
43.982297150257104 -6.283185307179586 0.0 -0.0
43.982297150257104 -5.026548245743669 0.0 -0.0
43.982297150257104 -3.7699111843077517 0.0 -0.0
43.982297150257104 -2.5132741228718345 0.0 -0.0
43.982297150257104 -1.2566370614359172 1.07396090183e-5 -5.7265303382e-6
43.982297150257104 0.0 -0.7192228354834247 -0.6754695438195597
43.982297150257104 1.2566370614359172 -1.804190414762105e115 1.2788168341389306e115
43.982297150257104 2.5132741228718345 -2.6384301783560218e209 1.2666934441718175e209
43.982297150257104 3.7699111843077517 NaN NaN
43.982297150257104 5.026548245743669 NaN NaN
43.982297150257104 6.283185307179586 NaN NaN
45.23893421169302 -6.283185307179586 -0.0 0.0
45.23893421169302 -5.026548245743669 -0.0 0.0
45.23893421169302 -3.7699111843077517 -0.0 0.0
45.23893421169302 -2.5132741228718345 -0.0 0.0
45.23893421169302 -1.2566370614359172 -8.6952079631e-6 1.01671712537e-5
45.23893421169302 0.0 0.061659799153302 -0.9547318893054714
45.23893421169302 1.2566370614359172 -1.4373912149527364e115 4.829104251162036e114
45.23893421169302 2.5132741228718345 -1.9343841914959276e209 2.5858396751856975e208
45.23893421169302 3.7699111843077517 NaN NaN
45.23893421169302 5.026548245743669 NaN NaN
45.23893421169302 6.283185307179586 NaN NaN
46.49557127312894 -6.283185307179586 0.0 0.0
46.49557127312894 -5.026548245743669 0.0 0.0
46.49557127312894 -3.7699111843077517 0.0 0.0
46.49557127312894 -2.5132741228718345 0.0 0.0
46.49557127312894 -1.2566370614359172 2.64036434341e-5 1.34868731052e-5
46.49557127312894 0.0 0.7381666180359628 -0.5826534791990424
46.49557127312894 1.2566370614359172 -3.2474219615327235e115 8.866306479273596e114
46.49557127312894 2.5132741228718345 -4.628000748608324e209 9.417771438249595e208
46.49557127312894 3.7699111843077517 NaN NaN
46.49557127312894 5.026548245743669 NaN NaN
46.49557127312894 6.283185307179586 NaN NaN
47.752208334564855 -6.283185307179586 0.0 -0.0
47.752208334564855 -5.026548245743669 0.0 -0.0
47.752208334564855 -3.7699111843077517 0.0 -0.0
47.752208334564855 -2.5132741228718345 0.0 -0.0
47.752208334564855 -1.2566370614359172 9.2533986087e-6 -1.47967241975e-5
47.752208334564855 0.0 0.9467402368010986 0.171985830941539
47.752208334564855 1.2566370614359172 -3.2540540021354225e115 1.636815651618673e115
47.752208334564855 2.5132741228718345 -5.020607126339753e209 2.163878790140674e209
47.752208334564855 3.7699111843077517 NaN NaN
47.752208334564855 5.026548245743669 NaN NaN
47.752208334564855 6.283185307179586 NaN NaN
49.00884539600077 -6.283185307179586 0.0 0.0
49.00884539600077 -5.026548245743669 0.0 0.0
49.00884539600077 -3.7699111843077517 0.0 0.0
49.00884539600077 -2.5132741228718345 0.0 0.0
49.00884539600077 -1.2566370614359172 2.31154786602e-5 3.3854103709e-6
49.00884539600077 0.0 0.4742467028517651 0.855962338788036
49.00884539600077 1.2566370614359172 -2.112441789889777e115 1.7455493873811099e115
49.00884539600077 2.5132741228718345 -3.1851856143248888e209 2.876703817789647e209
49.00884539600077 3.7699111843077517 NaN NaN
49.00884539600077 5.026548245743669 NaN NaN
49.00884539600077 6.283185307179586 NaN NaN
50.26548245743669 -6.283185307179586 -0.0 -0.0
50.26548245743669 -5.026548245743669 -0.0 -0.0
50.26548245743669 -3.7699111843077517 -0.0 -0.0
50.26548245743669 -2.5132741228718345 -0.0 -0.0
50.26548245743669 -1.2566370614359172 -3.6297455918e-6 -1.58337273588e-5
50.26548245743669 0.0 -0.3538695887722068 0.8998342764977303
50.26548245743669 1.2566370614359172 -2.26795638721607e115 2.530492660372294e115
50.26548245743669 2.5132741228718345 -2.9059907413697698e209 3.89619589646864e209
50.26548245743669 3.7699111843077517 NaN NaN
50.26548245743669 5.026548245743669 NaN NaN
50.26548245743669 6.283185307179586 NaN NaN
51.52211951887261 -6.283185307179586 0.0 -0.0
51.52211951887261 -5.026548245743669 0.0 -0.0
51.52211951887261 -3.7699111843077517 0.0 -0.0
51.52211951887261 -2.5132741228718345 0.0 -0.0
51.52211951887261 -1.2566370614359172 1.3060053595e-5 -9.7940136318e-6
51.52211951887261 0.0 -0.9024470288385033 0.3170583320190773
51.52211951887261 1.2566370614359172 -3.671588440396997e114 1.124090520992095e115
51.52211951887261 2.5132741228718345 -5.54338192609414e208 1.7211663471190646e209
51.52211951887261 3.7699111843077517 NaN NaN
51.52211951887261 5.026548245743669 NaN NaN
51.52211951887261 6.283185307179586 NaN NaN
52.778756580308524 -6.283185307179586 -0.0 0.0
52.778756580308524 -5.026548245743669 -0.0 0.0
52.778756580308524 -3.7699111843077517 -0.0 0.0
52.778756580308524 -2.5132741228718345 -0.0 0.0
52.778756580308524 -1.2566370614359172 -1.34736476124e-5 4.4353942338e-6
52.778756580308524 0.0 -0.8306591123495994 -0.4811499808388807
52.778756580308524 1.2566370614359172 8.511058612700742e114 -3.546605125174004e114
52.778756580308524 2.5132741228718345 9.83490063457365e208 -5.886960238910058e208
52.778756580308524 3.7699111843077517 NaN NaN
52.778756580308524 5.026548245743669 NaN NaN
52.778756580308524 6.283185307179586 NaN NaN
54.03539364174444 -6.283185307179586 0.0 0.0
54.03539364174444 -5.026548245743669 0.0 0.0
54.03539364174444 -3.7699111843077517 0.0 0.0
54.03539364174444 -2.5132741228718345 0.0 0.0
54.03539364174444 -1.2566370614359172 1.6407585913e-5 1.18616362286e-5
54.03539364174444 0.0 -0.1701385875956625 -0.9421958020582192
54.03539364174444 1.2566370614359172 -6.748534009939588e114 -1.1862569805913645e115
54.03539364174444 2.5132741228718345 -9.385580304185618e208 -1.5993206915260946e209
54.03539364174444 3.7699111843077517 NaN NaN
54.03539364174444 5.026548245743669 NaN NaN
54.03539364174444 6.283185307179586 NaN NaN
55.29203070318036 -6.283185307179586 -0.0 -0.0
55.29203070318036 -5.026548245743669 -0.0 -0.0
55.29203070318036 -3.7699111843077517 -0.0 -0.0
55.29203070318036 -2.5132741228718345 -0.0 -0.0
55.29203070318036 -1.2566370614359172 -4.9175204328e-6 -1.14534251961e-5
55.29203070318036 0.0 0.5981001955407547 -0.7465536500622855
55.29203070318036 1.2566370614359172 -1.0422841875961913e115 -1.1477583276865182e115
55.29203070318036 2.5132741228718345 -1.6047443547814876e209 -1.9332614583586384e209
55.29203070318036 3.7699111843077517 NaN NaN
55.29203070318036 5.026548245743669 NaN NaN
55.29203070318036 6.283185307179586 NaN NaN
56.548667764616276 -6.283185307179586 -0.0 0.0
56.548667764616276 -5.026548245743669 -0.0 0.0
56.548667764616276 -3.7699111843077517 -0.0 0.0
56.548667764616276 -2.5132741228718345 -0.0 0.0
56.548667764616276 -1.2566370614359172 -1.59846819711e-5 2.94728022902e-5
56.548667764616276 0.0 0.9755469279202104 -0.03044495869157
56.548667764616276 1.2566370614359172 -1.079644954243625e115 2.0577363085730423e114
56.548667764616276 2.5132741228718345 -1.5273389366927682e209 -3.8206196514074743e208
56.548667764616276 3.7699111843077517 NaN NaN
56.548667764616276 5.026548245743669 NaN NaN
56.548667764616276 6.283185307179586 NaN NaN
57.80530482605219 -6.283185307179586 0.0 0.0
57.80530482605219 -5.026548245743669 0.0 0.0
57.80530482605219 -3.7699111843077517 0.0 0.0
57.80530482605219 -2.5132741228718345 0.0 0.0
57.80530482605219 -1.2566370614359172 1.21321990189e-5 1.57268911066e-5
57.80530482605219 0.0 0.6420812235791854 0.7477004427939133
57.80530482605219 1.2566370614359172 -1.1704569372414234e115 -1.5206207018449837e115
57.80530482605219 2.5132741228718345 -1.5603925130815279e209 -3.0499321516732423e209
57.80530482605219 3.7699111843077517 NaN NaN
57.80530482605219 5.026548245743669 NaN NaN
57.80530482605219 6.283185307179586 NaN NaN
59.06194188748811 -6.283185307179586 0.0 0.0
59.06194188748811 -5.026548245743669 0.0 0.0
59.06194188748811 -3.7699111843077517 0.0 0.0
59.06194188748811 -2.5132741228718345 0.0 0.0
59.06194188748811 -1.2566370614359172 1.51810322063e-5 1.99212202926e-5
59.06194188748811 0.0 -0.1656766586563987 0.9431637142879956
59.06194188748811 1.2566370614359172 -3.397169535942396e115 -1.302054355269001e114
59.06194188748811 2.5132741228718345 -4.557912677113394e209 2.4131388153438718e207
59.06194188748811 3.7699111843077517 NaN NaN
59.06194188748811 5.026548245743669 NaN NaN
59.06194188748811 6.283185307179586 NaN NaN
60.31857894892403 -6.283185307179586 -0.0 -0.0
60.31857894892403 -5.026548245743669 -0.0 -0.0
60.31857894892403 -3.7699111843077517 -0.0 -0.0
60.31857894892403 -2.5132741228718345 -0.0 -0.0
60.31857894892403 -1.2566370614359172 -5.523356971e-7 -1.64843970976e-5
60.31857894892403 0.0 -0.7929698803809635 0.4930971643178683
60.31857894892403 1.2566370614359172 -2.087706286010062e115 1.7227771476378282e114
60.31857894892403 2.5132741228718345 -2.629975318771483e209 1.427082861121374e208
60.31857894892403 3.7699111843077517 NaN NaN
60.31857894892403 5.026548245743669 NaN NaN
60.31857894892403 6.283185307179586 NaN NaN
61.575216010359945 -6.283185307179586 0.0 0.0
61.575216010359945 -5.026548245743669 0.0 0.0
61.575216010359945 -3.7699111843077517 0.0 0.0
61.575216010359945 -2.5132741228718345 0.0 0.0
61.575216010359945 -1.2566370614359172 6.310100725e-7 2.06070166184e-5
61.575216010359945 0.0 -0.9165084069422152 -0.2651491926035142
61.575216010359945 1.2566370614359172 3.9924487534812723e114 6.042044350730517e114
61.575216010359945 2.5132741228718345 3.859932726538082e208 9.54679029740892e208
61.575216010359945 3.7699111843077517 NaN NaN
61.575216010359945 5.026548245743669 NaN NaN
61.575216010359945 6.283185307179586 NaN NaN
62.83185307179586 -6.283185307179586 0.0 0.0
62.83185307179586 -5.026548245743669 0.0 0.0
62.83185307179586 -3.7699111843077517 0.0 0.0
62.83185307179586 -2.5132741228718345 0.0 0.0
62.83185307179586 -1.2566370614359172 2.85652767e-7 2.457461031e-7
62.83185307179586 0.0 -0.3915750144323552 -0.8982850020615881
62.83185307179586 1.2566370614359172 -9.91262311992269e114 -1.4214468566523737e115
62.83185307179586 2.5132741228718345 -1.4808908945640456e209 -1.929492579017635e209
62.83185307179586 3.7699111843077517 NaN NaN
62.83185307179586 5.026548245743669 NaN NaN
62.83185307179586 6.283185307179586 NaN NaN
64.08849013323177 -6.283185307179586 0.0 0.0
64.08849013323177 -5.026548245743669 0.0 0.0
64.08849013323177 -3.7699111843077517 0.0 0.0
64.08849013323177 -2.5132741228718345 0.0 0.0
64.08849013323177 -1.2566370614359172 9.2862732876e-6 1.5461537612e-6
64.08849013323177 0.0 0.4484110300758733 -0.8666501768882031
64.08849013323177 1.2566370614359172 -2.526273101821625e115 -1.1147878841433302e115
64.08849013323177 2.5132741228718345 -3.703329931636387e209 -1.303410863354424e209
64.08849013323177 3.7699111843077517 NaN NaN
64.08849013323177 5.026548245743669 NaN NaN
64.08849013323177 6.283185307179586 NaN NaN
65.3451271946677 -6.283185307179586 0.0 -0.0
65.3451271946677 -5.026548245743669 0.0 -0.0
65.3451271946677 -3.7699111843077517 0.0 -0.0
65.3451271946677 -2.5132741228718345 0.0 -0.0
65.3451271946677 -1.2566370614359172 2.3463914095e-6 -1.18689386791e-5
65.3451271946677 0.0 0.9399264174936676 -0.2161883820809144
65.3451271946677 1.2566370614359172 -6.030662061459272e114 8.932877500543549e113
65.3451271946677 2.5132741228718345 -1.381665439321415e209 -3.0614205463049345e208
65.3451271946677 3.7699111843077517 NaN NaN
65.3451271946677 5.026548245743669 NaN NaN
65.3451271946677 6.283185307179586 NaN NaN
66.60176425610362 -6.283185307179586 -0.0 0.0
66.60176425610362 -5.026548245743669 -0.0 0.0
66.60176425610362 -3.7699111843077517 -0.0 0.0
66.60176425610362 -2.5132741228718345 -0.0 0.0
66.60176425610362 -1.2566370614359172 -2.06988842259e-5 1.04888974988e-5
66.60176425610362 0.0 0.7737582033435664 0.5737021286075727
66.60176425610362 1.2566370614359172 -1.767069685862416e115 -2.122080658942686e115
66.60176425610362 2.5132741228718345 -3.012128796352464e209 -2.6269853106773946e209
66.60176425610362 3.7699111843077517 NaN NaN
66.60176425610362 5.026548245743669 NaN NaN
66.60176425610362 6.283185307179586 NaN NaN
67.85840131753953 -6.283185307179586 0.0 0.0
67.85840131753953 -5.026548245743669 0.0 0.0
67.85840131753953 -3.7699111843077517 0.0 0.0
67.85840131753953 -2.5132741228718345 0.0 0.0
67.85840131753953 -1.2566370614359172 2.57199941934e-5 4.9888212948e-6
67.85840131753953 0.0 0.0599163822834401 0.9539008357693578
67.85840131753953 1.2566370614359172 -3.232714537143304e115 -3.1334520171466003e115
67.85840131753953 2.5132741228718345 -4.31590590315988e209 -5.078857137291197e209
67.85840131753953 3.7699111843077517 NaN NaN
67.85840131753953 5.026548245743669 NaN NaN
67.85840131753953 6.283185307179586 NaN NaN
69.11503837897544 -6.283185307179586 -0.0 0.0
69.11503837897544 -5.026548245743669 -0.0 0.0
69.11503837897544 -3.7699111843077517 -0.0 0.0
69.11503837897544 -2.5132741228718345 -0.0 0.0
69.11503837897544 -1.2566370614359172 -1.9123077638e-6 2.8072059079e-6
69.11503837897544 0.0 -0.6729948898187014 0.6670447625164447
69.11503837897544 1.2566370614359172 -2.398551442905264e115 -3.0569341524817116e114
69.11503837897544 2.5132741228718345 -3.829462618476335e209 -6.932572699547591e208
69.11503837897544 3.7699111843077517 NaN NaN
69.11503837897544 5.026548245743669 NaN NaN
69.11503837897544 6.283185307179586 NaN NaN
70.37167544041137 -6.283185307179586 -0.0 -0.0
70.37167544041137 -5.026548245743669 -0.0 -0.0
70.37167544041137 -3.7699111843077517 -0.0 -0.0
70.37167544041137 -2.5132741228718345 -0.0 -0.0
70.37167544041137 -1.2566370614359172 -6.3378461492e-6 -1.42257980363e-5
70.37167544041137 0.0 -0.9614157893342677 -0.0664258861396365
70.37167544041137 1.2566370614359172 -2.63889465778775e115 -5.352643626033161e114
70.37167544041137 2.5132741228718345 -3.750205254812266e209 -1.7060555252947522e208
70.37167544041137 3.7699111843077517 NaN NaN
70.37167544041137 5.026548245743669 NaN NaN
70.37167544041137 6.283185307179586 NaN NaN
71.62831250184729 -6.283185307179586 0.0 0.0
71.62831250184729 -5.026548245743669 0.0 0.0
71.62831250184729 -3.7699111843077517 0.0 0.0
71.62831250184729 -2.5132741228718345 0.0 0.0
71.62831250184729 -1.2566370614359172 1.0595815186e-6 2.07876738943e-5
71.62831250184729 0.0 -0.5699601829732514 -0.8024785661125053
71.62831250184729 1.2566370614359172 -1.9958409513675375e115 -1.5165703720184942e115
71.62831250184729 2.5132741228718345 -2.7528356420931232e209 -1.1471142995639674e209
71.62831250184729 3.7699111843077517 NaN NaN
71.62831250184729 5.026548245743669 NaN NaN
71.62831250184729 6.283185307179586 NaN NaN
72.8849495632832 -6.283185307179586 0.0 0.0
72.8849495632832 -5.026548245743669 0.0 0.0
72.8849495632832 -3.7699111843077517 0.0 0.0
72.8849495632832 -2.5132741228718345 0.0 0.0
72.8849495632832 -1.2566370614359172 7.1804897065e-6 3.4554075085e-6
72.8849495632832 0.0 0.2634016227148524 -0.9338079598377588
72.8849495632832 1.2566370614359172 -1.4453781991560604e115 9.578328582722271e114
72.8849495632832 2.5132741228718345 -2.022351737361388e209 1.5843555549387376e209
72.8849495632832 3.7699111843077517 NaN NaN
72.8849495632832 5.026548245743669 NaN NaN
72.8849495632832 6.283185307179586 NaN NaN
74.14158662471911 -6.283185307179586 -0.0 -0.0
74.14158662471911 -5.026548245743669 -0.0 -0.0
74.14158662471911 -3.7699111843077517 -0.0 -0.0
74.14158662471911 -2.5132741228718345 -0.0 -0.0
74.14158662471911 -1.2566370614359172 -1.79684533151e-5 -1.2785692254e-6
74.14158662471911 0.0 0.8515751690949017 -0.4036023176332969
74.14158662471911 1.2566370614359172 -4.8858349501411525e113 -1.7509146626172017e114
74.14158662471911 2.5132741228718345 -2.06063128229117e208 2.536955729635849e208
74.14158662471911 3.7699111843077517 NaN NaN
74.14158662471911 5.026548245743669 NaN NaN
74.14158662471911 6.283185307179586 NaN NaN
75.39822368615503 -6.283185307179586 0.0 0.0
75.39822368615503 -5.026548245743669 0.0 0.0
75.39822368615503 -3.7699111843077517 0.0 0.0
75.39822368615503 -2.5132741228718345 0.0 0.0
75.39822368615503 -1.2566370614359172 1.01927541019e-5 1.72147216315e-5
75.39822368615503 0.0 0.8782873487714676 0.3660217714532591
75.39822368615503 1.2566370614359172 8.921051873563678e114 -1.266329565380893e115
75.39822368615503 2.5132741228718345 1.7997671298875802e209 -1.762818565439408e209
75.39822368615503 3.7699111843077517 NaN NaN
75.39822368615503 5.026548245743669 NaN NaN
75.39822368615503 6.283185307179586 NaN NaN
76.65486074759096 -6.283185307179586 -0.0 0.0
76.65486074759096 -5.026548245743669 -0.0 0.0
76.65486074759096 -3.7699111843077517 -0.0 0.0
76.65486074759096 -2.5132741228718345 -0.0 0.0
76.65486074759096 -1.2566370614359172 -1.04467751407e-5 2.9004092711e-6
76.65486074759096 0.0 0.2920154333278323 0.9346360011737528
76.65486074759096 1.2566370614359172 -8.195870701045407e114 -1.4150090751917545e115
76.65486074759096 2.5132741228718345 -1.1503193243597062e209 -2.5309356142554633e209
76.65486074759096 3.7699111843077517 NaN NaN
76.65486074759096 5.026548245743669 NaN NaN
76.65486074759096 6.283185307179586 NaN NaN
77.91149780902687 -6.283185307179586 -0.0 -0.0
77.91149780902687 -5.026548245743669 -0.0 -0.0
77.91149780902687 -3.7699111843077517 -0.0 -0.0
77.91149780902687 -2.5132741228718345 -0.0 -0.0
77.91149780902687 -1.2566370614359172 -1.09721176106e-5 -3.1924794549e-6
77.91149780902687 0.0 -0.5419005704149596 0.8133241474016679
77.91149780902687 1.2566370614359172 3.0406432677610163e115 -1.5934689141347663e115
77.91149780902687 2.5132741228718345 4.497227528104813e209 -2.4824598833414527e209
77.91149780902687 3.7699111843077517 NaN NaN
77.91149780902687 5.026548245743669 NaN NaN
77.91149780902687 6.283185307179586 NaN NaN
79.16813487046278 -6.283185307179586 -0.0 0.0
79.16813487046278 -5.026548245743669 -0.0 0.0
79.16813487046278 -3.7699111843077517 -0.0 0.0
79.16813487046278 -2.5132741228718345 -0.0 0.0
79.16813487046278 -1.2566370614359172 -7.4268143842e-6 3.37598048565e-5
79.16813487046278 0.0 -0.9520207212408722 0.1087487791051247
79.16813487046278 1.2566370614359172 4.0845174123725147e114 -4.291462682561519e115
79.16813487046278 2.5132741228718345 8.133269315061783e208 -6.342773336068787e209
79.16813487046278 3.7699111843077517 NaN NaN
79.16813487046278 5.026548245743669 NaN NaN
79.16813487046278 6.283185307179586 NaN NaN
80.4247719318987 -6.283185307179586 0.0 0.0
80.4247719318987 -5.026548245743669 0.0 0.0
80.4247719318987 -3.7699111843077517 0.0 0.0
80.4247719318987 -2.5132741228718345 0.0 0.0
80.4247719318987 -1.2566370614359172 1.38745677057e-5 2.8087372238e-6
80.4247719318987 0.0 -0.7038662574809712 -0.6451046172428224
80.4247719318987 1.2566370614359172 -1.8826654467371098e115 -3.7877513873214517e115
80.4247719318987 2.5132741228718345 -2.22387877274322e209 -5.170509828570387e209
80.4247719318987 3.7699111843077517 NaN NaN
80.4247719318987 5.026548245743669 NaN NaN
80.4247719318987 6.283185307179586 NaN NaN
81.68140899333463 -6.283185307179586 -0.0 -0.0
81.68140899333463 -5.026548245743669 -0.0 -0.0
81.68140899333463 -3.7699111843077517 -0.0 -0.0
81.68140899333463 -2.5132741228718345 -0.0 -0.0
81.68140899333463 -1.2566370614359172 -1.00117620401e-5 -2.62245333411e-5
81.68140899333463 0.0 0.0325609560192197 -0.9553072294573562
81.68140899333463 1.2566370614359172 -2.222915666035471e115 -2.6186186594362645e115
81.68140899333463 2.5132741228718345 -2.5150679523780154e209 -3.5021241089684365e209
81.68140899333463 3.7699111843077517 NaN NaN
81.68140899333463 5.026548245743669 NaN NaN
81.68140899333463 6.283185307179586 NaN NaN
82.93804605477054 -6.283185307179586 -0.0 0.0
82.93804605477054 -5.026548245743669 -0.0 0.0
82.93804605477054 -3.7699111843077517 -0.0 0.0
82.93804605477054 -2.5132741228718345 -0.0 0.0
82.93804605477054 -1.2566370614359172 -2.07583856165e-5 3.30920478127e-5
82.93804605477054 0.0 0.7421412555601209 -0.5976829557895313
82.93804605477054 1.2566370614359172 1.3684523032891096e114 -4.117271873659916e115
82.93804605477054 2.5132741228718345 3.2920846021301137e208 -5.738375496464302e209
82.93804605477054 3.7699111843077517 NaN NaN
82.93804605477054 5.026548245743669 NaN NaN
82.93804605477054 6.283185307179586 NaN NaN
84.19468311620645 -6.283185307179586 0.0 -0.0
84.19468311620645 -5.026548245743669 0.0 -0.0
84.19468311620645 -3.7699111843077517 0.0 -0.0
84.19468311620645 -2.5132741228718345 0.0 -0.0
84.19468311620645 -1.2566370614359172 4.8807685141e-6 -1.4331437175e-6
84.19468311620645 0.0 0.952611479021126 0.1707676950309368
84.19468311620645 1.2566370614359172 -2.9548123004717717e115 -3.881755397193562e115
84.19468311620645 2.5132741228718345 -3.9723772882874414e209 -4.9430867508557995e209
84.19468311620645 3.7699111843077517 NaN NaN
84.19468311620645 5.026548245743669 NaN NaN
84.19468311620645 6.283185307179586 NaN NaN
85.45132017764237 -6.283185307179586 0.0 -0.0
85.45132017764237 -5.026548245743669 0.0 -0.0
85.45132017764237 -3.7699111843077517 0.0 -0.0
85.45132017764237 -2.5132741228718345 0.0 -0.0
85.45132017764237 -1.2566370614359172 6.2629422159e-6 -7.0800523349e-6
85.45132017764237 0.0 0.4835970435346549 0.8625697861781104
85.45132017764237 1.2566370614359172 -1.5531493404965417e115 -2.4380318660558265e115
85.45132017764237 2.5132741228718345 -2.0908775729892554e209 -3.523279914833473e209
85.45132017764237 3.7699111843077517 NaN NaN
85.45132017764237 5.026548245743669 NaN NaN
85.45132017764237 6.283185307179586 NaN NaN
86.7079572390783 -6.283185307179586 -0.0 -0.0
86.7079572390783 -5.026548245743669 -0.0 -0.0
86.7079572390783 -3.7699111843077517 -0.0 -0.0
86.7079572390783 -2.5132741228718345 -0.0 -0.0
86.7079572390783 -1.2566370614359172 -1.51263092549e-5 -2.3557867411e-6
86.7079572390783 0.0 -0.3681272452180912 0.9036804239569995
86.7079572390783 1.2566370614359172 1.1129411505047308e115 -2.2416540935290838e114
86.7079572390783 2.5132741228718345 9.059752459869059e208 -5.04742731733166e208
86.7079572390783 3.7699111843077517 NaN NaN
86.7079572390783 5.026548245743669 NaN NaN
86.7079572390783 6.283185307179586 NaN NaN
87.96459430051421 -6.283185307179586 -0.0 -0.0
87.96459430051421 -5.026548245743669 -0.0 -0.0
87.96459430051421 -3.7699111843077517 -0.0 -0.0
87.96459430051421 -2.5132741228718345 -0.0 -0.0
87.96459430051421 -1.2566370614359172 -1.40205027158e-5 -6.3605770949e-6
87.96459430051421 0.0 -0.892438087573769 0.2984672449813184
87.96459430051421 1.2566370614359172 6.016795384287603e114 -1.786330213350082e115
87.96459430051421 2.5132741228718345 3.388505372385473e208 -2.592910441645083e209
87.96459430051421 3.7699111843077517 NaN NaN
87.96459430051421 5.026548245743669 NaN NaN
87.96459430051421 6.283185307179586 NaN NaN
89.22123136195012 -6.283185307179586 -0.0 0.0
89.22123136195012 -5.026548245743669 -0.0 0.0
89.22123136195012 -3.7699111843077517 -0.0 0.0
89.22123136195012 -2.5132741228718345 -0.0 0.0
89.22123136195012 -1.2566370614359172 -2.5808558021e-6 1.00303860163e-5
89.22123136195012 0.0 -0.8218166376855082 -0.4552026136332748
89.22123136195012 1.2566370614359172 -1.1198739771529182e114 -1.918459771837426e115
89.22123136195012 2.5132741228718345 -3.404992842055368e208 -2.859786868366614e209
89.22123136195012 3.7699111843077517 NaN NaN
89.22123136195012 5.026548245743669 NaN NaN
89.22123136195012 6.283185307179586 NaN NaN
90.47786842338604 -6.283185307179586 0.0 -0.0
90.47786842338604 -5.026548245743669 0.0 -0.0
90.47786842338604 -3.7699111843077517 0.0 -0.0
90.47786842338604 -2.5132741228718345 0.0 -0.0
90.47786842338604 -1.2566370614359172 7.137645291e-7 -3.6684204699e-6
90.47786842338604 0.0 -0.1976143679440504 -0.9486701872886282
90.47786842338604 1.2566370614359172 9.365261185714708e113 -2.083284651234905e115
90.47786842338604 2.5132741228718345 1.189015049849623e208 -3.2497376980987857e209
90.47786842338604 3.7699111843077517 NaN NaN
90.47786842338604 5.026548245743669 NaN NaN
90.47786842338604 6.283185307179586 NaN NaN
91.73450548482197 -6.283185307179586 -0.0 -0.0
91.73450548482197 -5.026548245743669 -0.0 -0.0
91.73450548482197 -3.7699111843077517 -0.0 -0.0
91.73450548482197 -2.5132741228718345 -0.0 -0.0
91.73450548482197 -1.2566370614359172 -1.55861366792e-5 -1.4393390239e-5
91.73450548482197 0.0 0.6190908019965661 -0.7587805081145665
91.73450548482197 1.2566370614359172 2.3668864762679356e115 -3.404021166148481e115
91.73450548482197 2.5132741228718345 3.344235470556499e209 -4.101989690508838e209
91.73450548482197 3.7699111843077517 NaN NaN
91.73450548482197 5.026548245743669 NaN NaN
91.73450548482197 6.283185307179586 NaN NaN
92.99114254625788 -6.283185307179586 0.0 0.0
92.99114254625788 -5.026548245743669 0.0 0.0
92.99114254625788 -3.7699111843077517 0.0 0.0
92.99114254625788 -2.5132741228718345 0.0 0.0
92.99114254625788 -1.2566370614359172 6.065671635e-7 2.60067409202e-5
92.99114254625788 0.0 0.9656044897394236 -0.01147285421568
92.99114254625788 1.2566370614359172 5.881402365518962e114 -4.4215900326367465e115
92.99114254625788 2.5132741228718345 1.4477822586257625e209 -5.873489023714854e209
92.99114254625788 3.7699111843077517 NaN NaN
92.99114254625788 5.026548245743669 NaN NaN
92.99114254625788 6.283185307179586 NaN NaN
94.24777960769379 -6.283185307179586 0.0 -0.0
94.24777960769379 -5.026548245743669 0.0 -0.0
94.24777960769379 -3.7699111843077517 0.0 -0.0
94.24777960769379 -2.5132741228718345 0.0 -0.0
94.24777960769379 -1.2566370614359172 5.8796497171e-6 -1.28986124334e-5
94.24777960769379 0.0 0.6360417634174131 0.7208067727845546
94.24777960769379 1.2566370614359172 -9.526242283951162e114 -3.8500840131149562e115
94.24777960769379 2.5132741228718345 -1.9571841988304095e209 -4.7861038262932135e209
94.24777960769379 3.7699111843077517 NaN NaN
94.24777960769379 5.026548245743669 NaN NaN
94.24777960769379 6.283185307179586 NaN NaN
95.50441666912971 -6.283185307179586 -0.0 -0.0
95.50441666912971 -5.026548245743669 -0.0 -0.0
95.50441666912971 -3.7699111843077517 -0.0 -0.0
95.50441666912971 -2.5132741228718345 -0.0 -0.0
95.50441666912971 -1.2566370614359172 -1.15637655901e-5 -4.1419405813e-6
95.50441666912971 0.0 -0.1407397590216577 0.9539344702171524
95.50441666912971 1.2566370614359172 2.0876417493406338e115 -3.1026901447202563e115
95.50441666912971 2.5132741228718345 2.647455046571682e209 -3.681971277081144e209
95.50441666912971 3.7699111843077517 NaN NaN
95.50441666912971 5.026548245743669 NaN NaN
95.50441666912971 6.283185307179586 NaN NaN
96.76105373056564 -6.283185307179586 0.0 0.0
96.76105373056564 -5.026548245743669 0.0 0.0
96.76105373056564 -3.7699111843077517 0.0 0.0
96.76105373056564 -2.5132741228718345 0.0 0.0
96.76105373056564 -1.2566370614359172 3.4205952515e-6 2.25696090322e-5
96.76105373056564 0.0 -0.8106112950635543 0.5062201369768651
96.76105373056564 1.2566370614359172 2.1665332606807597e114 -3.8482849486419203e115
96.76105373056564 2.5132741228718345 -4.4339309301030295e208 -5.846634906525779e209
96.76105373056564 3.7699111843077517 NaN NaN
96.76105373056564 5.026548245743669 NaN NaN
96.76105373056564 6.283185307179586 NaN NaN
98.01769079200155 -6.283185307179586 0.0 -0.0
98.01769079200155 -5.026548245743669 0.0 -0.0
98.01769079200155 -3.7699111843077517 0.0 -0.0
98.01769079200155 -2.5132741228718345 0.0 -0.0
98.01769079200155 -1.2566370614359172 5.6281838813e-6 -4.9353340668e-6
98.01769079200155 0.0 -0.914936374801542 -0.2765438962684259
98.01769079200155 1.2566370614359172 6.761081933105127e113 5.094200609441955e114
98.01769079200155 2.5132741228718345 -1.5653846683420666e208 5.969221844549138e208
98.01769079200155 3.7699111843077517 NaN NaN
98.01769079200155 5.026548245743669 NaN NaN
98.01769079200155 6.283185307179586 NaN NaN
99.27432785343746 -6.283185307179586 -0.0 -0.0
99.27432785343746 -5.026548245743669 -0.0 -0.0
99.27432785343746 -3.7699111843077517 -0.0 -0.0
99.27432785343746 -2.5132741228718345 -0.0 -0.0
99.27432785343746 -1.2566370614359172 -6.3454031088e-6 -1.0747325704e-5
99.27432785343746 0.0 -0.3882809028589516 -0.8950656314480366
99.27432785343746 1.2566370614359172 1.917477494499808e115 -4.019791000651794e114
99.27432785343746 2.5132741228718345 2.3169008076952042e209 -9.125231639666912e208
99.27432785343746 3.7699111843077517 NaN NaN
99.27432785343746 5.026548245743669 NaN NaN
99.27432785343746 6.283185307179586 NaN NaN
100.53096491487338 -6.283185307179586 -0.0 0.0
100.53096491487338 -5.026548245743669 -0.0 0.0
100.53096491487338 -3.7699111843077517 -0.0 0.0
100.53096491487338 -2.5132741228718345 -0.0 0.0
100.53096491487338 -1.2566370614359172 -3.09186449062e-5 1.55105554992e-5
100.53096491487338 0.0 0.4517426227515027 -0.8651531394428708
100.53096491487338 1.2566370614359172 4.690122156241284e115 -8.30930692863366e114
100.53096491487338 2.5132741228718345 7.359120176651274e209 -1.1263317705648689e209
100.53096491487338 3.7699111843077517 NaN NaN
100.53096491487338 5.026548245743669 NaN NaN
100.53096491487338 6.283185307179586 NaN NaN
101.7876019763093 -6.283185307179586 0.0 0.0
101.7876019763093 -5.026548245743669 0.0 0.0
101.7876019763093 -3.7699111843077517 0.0 0.0
101.7876019763093 -2.5132741228718345 0.0 0.0
101.7876019763093 -1.2566370614359172 2.58062865762e-5 4.586723291e-7
101.7876019763093 0.0 0.9245119854616146 -0.2067129144530832
101.7876019763093 1.2566370614359172 1.8293540765950544e115 -1.3466677998390048e115
101.7876019763093 2.5132741228718345 2.9594743774008517e209 -2.091910705973323e209
101.7876019763093 3.7699111843077517 NaN NaN
101.7876019763093 5.026548245743669 NaN NaN
101.7876019763093 6.283185307179586 NaN NaN
103.04423903774521 -6.283185307179586 -0.0 -0.0
103.04423903774521 -5.026548245743669 -0.0 -0.0
103.04423903774521 -3.7699111843077517 -0.0 -0.0
103.04423903774521 -2.5132741228718345 -0.0 -0.0
103.04423903774521 -1.2566370614359172 -2.84543993558e-5 -3.33785396409e-5
103.04423903774521 0.0 0.7689460305298539 0.5430825965743067
103.04423903774521 1.2566370614359172 5.918760933310924e115 -3.0811168366465714e114
103.04423903774521 2.5132741228718345 9.133712744283693e209 -1.3293999013343113e208
103.04423903774521 3.7699111843077517 NaN NaN
103.04423903774521 5.026548245743669 NaN NaN
103.04423903774521 6.283185307179586 NaN NaN
104.30087609918112 -6.283185307179586 -0.0 0.0
104.30087609918112 -5.026548245743669 -0.0 0.0
104.30087609918112 -3.7699111843077517 -0.0 0.0
104.30087609918112 -2.5132741228718345 -0.0 0.0
104.30087609918112 -1.2566370614359172 -3.40843871302e-5 1.68548667032e-5
104.30087609918112 0.0 0.0983213853965941 0.966600251998899
104.30087609918112 1.2566370614359172 6.826937838158936e115 -4.203212347399635e115
104.30087609918112 2.5132741228718345 9.694145116390336e209 -6.249272514684091e209
104.30087609918112 3.7699111843077517 NaN NaN
104.30087609918112 5.026548245743669 NaN NaN
104.30087609918112 6.283185307179586 NaN NaN
105.55751316061705 -6.283185307179586 0.0 0.0
105.55751316061705 -5.026548245743669 0.0 0.0
105.55751316061705 -3.7699111843077517 0.0 0.0
105.55751316061705 -2.5132741228718345 0.0 0.0
105.55751316061705 -1.2566370614359172 8.3816389149e-6 5.6762585689e-6
105.55751316061705 0.0 -0.7017065176207871 0.6937285105376344
105.55751316061705 1.2566370614359172 3.0371268658652133e115 -6.007833034797651e115
105.55751316061705 2.5132741228718345 4.1235312694021404e209 -7.953211785265688e209
105.55751316061705 3.7699111843077517 NaN NaN
105.55751316061705 5.026548245743669 NaN NaN
105.55751316061705 6.283185307179586 NaN NaN
106.81415022205297 -6.283185307179586 -0.0 -0.0
106.81415022205297 -5.026548245743669 -0.0 -0.0
106.81415022205297 -3.7699111843077517 -0.0 -0.0
106.81415022205297 -2.5132741228718345 -0.0 -0.0
106.81415022205297 -1.2566370614359172 -1.25872545838e-5 -1.13543712973e-5
106.81415022205297 0.0 -0.9647953273010422 -0.1026534275302818
106.81415022205297 1.2566370614359172 3.9057530714531177e115 -3.726894899186958e115
106.81415022205297 2.5132741228718345 5.6359540707014605e209 -5.1694074669004615e209
106.81415022205297 3.7699111843077517 NaN NaN
106.81415022205297 5.026548245743669 NaN NaN
106.81415022205297 6.283185307179586 NaN NaN
108.07078728348888 -6.283185307179586 -0.0 -0.0
108.07078728348888 -5.026548245743669 -0.0 -0.0
108.07078728348888 -3.7699111843077517 -0.0 -0.0
108.07078728348888 -2.5132741228718345 -0.0 -0.0
108.07078728348888 -1.2566370614359172 -5.076797001e-7 -4.8119572475e-6
108.07078728348888 0.0 -0.5442440235349408 -0.7848844796561244
108.07078728348888 1.2566370614359172 1.6932089331131086e115 -3.844416611029094e115
108.07078728348888 2.5132741228718345 1.5450489455306548e209 -5.008913666595146e209
108.07078728348888 3.7699111843077517 NaN NaN
108.07078728348888 5.026548245743669 NaN NaN
108.07078728348888 6.283185307179586 NaN NaN
109.3274243449248 -6.283185307179586 -0.0 -0.0
109.3274243449248 -5.026548245743669 -0.0 -0.0
109.3274243449248 -3.7699111843077517 -0.0 -0.0
109.3274243449248 -2.5132741228718345 -0.0 -0.0
109.3274243449248 -1.2566370614359172 -1.02768698463e-5 -5.1851303801e-6
109.3274243449248 0.0 0.2380598396449677 -0.923205015251892
109.3274243449248 1.2566370614359172 2.484099801286897e115 -3.1986756581068372e115
109.3274243449248 2.5132741228718345 2.988694456474957e209 -5.152974903029325e209
109.3274243449248 3.7699111843077517 NaN NaN
109.3274243449248 5.026548245743669 NaN NaN
109.3274243449248 6.283185307179586 NaN NaN
110.58406140636072 -6.283185307179586 0.0 0.0
110.58406140636072 -5.026548245743669 0.0 0.0
110.58406140636072 -3.7699111843077517 0.0 0.0
110.58406140636072 -2.5132741228718345 0.0 0.0
110.58406140636072 -1.2566370614359172 1.26599303261e-5 6.8830722339e-6
110.58406140636072 0.0 0.8525101303129583 -0.4190896604629069
110.58406140636072 1.2566370614359172 -3.0361153763281677e114 -5.892792493199544e114
110.58406140636072 2.5132741228718345 -1.1101474528725366e209 -1.0969637702079044e209
110.58406140636072 3.7699111843077517 NaN NaN
110.58406140636072 5.026548245743669 NaN NaN
110.58406140636072 6.283185307179586 NaN NaN
111.84069846779664 -6.283185307179586 0.0 -0.0
111.84069846779664 -5.026548245743669 0.0 -0.0
111.84069846779664 -3.7699111843077517 0.0 -0.0
111.84069846779664 -2.5132741228718345 0.0 -0.0
111.84069846779664 -1.2566370614359172 1.88848973344e-5 -6.3941489879e-6
111.84069846779664 0.0 0.8820642534183952 0.3652693567543752
111.84069846779664 1.2566370614359172 1.608694219637967e115 2.44286011475248e115
111.84069846779664 2.5132741228718345 1.396687864808702e209 2.8766080142544692e209
111.84069846779664 3.7699111843077517 NaN NaN
111.84069846779664 5.026548245743669 NaN NaN
111.84069846779664 6.283185307179586 NaN NaN
113.09733552923255 -6.283185307179586 0.0 -0.0
113.09733552923255 -5.026548245743669 0.0 -0.0
113.09733552923255 -3.7699111843077517 0.0 -0.0
113.09733552923255 -2.5132741228718345 0.0 -0.0
113.09733552923255 -1.2566370614359172 7.8452376453e-6 -2.20764655245e-5
113.09733552923255 0.0 0.3013233223192637 0.9315754277352628
113.09733552923255 1.2566370614359172 5.545670310585006e114 3.0668053128683146e115
113.09733552923255 2.5132741228718345 -2.6516030787102727e208 4.359900994154411e209
113.09733552923255 3.7699111843077517 NaN NaN
113.09733552923255 5.026548245743669 NaN NaN
113.09733552923255 6.283185307179586 NaN NaN
114.35397259066846 -6.283185307179586 -0.0 -0.0
114.35397259066846 -5.026548245743669 -0.0 -0.0
114.35397259066846 -3.7699111843077517 -0.0 -0.0
114.35397259066846 -2.5132741228718345 -0.0 -0.0
114.35397259066846 -1.2566370614359172 -1.03141297288e-5 -8.7740774943e-6
114.35397259066846 0.0 -0.5456214809366482 0.824888767986783
114.35397259066846 1.2566370614359172 3.129478890999894e115 1.7409660288530837e115
114.35397259066846 2.5132741228718345 4.696122440634949e209 2.5614375860884507e209
114.35397259066846 3.7699111843077517 NaN NaN
114.35397259066846 5.026548245743669 NaN NaN
114.35397259066846 6.283185307179586 NaN NaN
115.61060965210439 -6.283185307179586 0.0 -0.0
115.61060965210439 -5.026548245743669 0.0 -0.0
115.61060965210439 -3.7699111843077517 0.0 -0.0
115.61060965210439 -2.5132741228718345 0.0 -0.0
115.61060965210439 -1.2566370614359172 1.01106639497e-5 -9.2936358176e-6
115.61060965210439 0.0 -0.955748460849648 0.0978925638931172
115.61060965210439 1.2566370614359172 2.327606550046856e115 4.6030063568516605e115
115.61060965210439 2.5132741228718345 2.84123702179137e209 7.0928433637681e209
115.61060965210439 3.7699111843077517 NaN NaN
115.61060965210439 5.026548245743669 NaN NaN
115.61060965210439 6.283185307179586 NaN NaN
116.86724671354031 -6.283185307179586 -0.0 -0.0
116.86724671354031 -5.026548245743669 -0.0 -0.0
116.86724671354031 -3.7699111843077517 -0.0 -0.0
116.86724671354031 -2.5132741228718345 -0.0 -0.0
116.86724671354031 -1.2566370614359172 -1.07415285095e-5 -1.47445800965e-5
116.86724671354031 0.0 -0.6933342378586251 -0.6313421739885443
116.86724671354031 1.2566370614359172 6.880035578226128e115 2.6071381684644237e114
116.86724671354031 2.5132741228718345 1.0229011405916405e210 1.6286035370736486e209
116.86724671354031 3.7699111843077517 NaN NaN
116.86724671354031 5.026548245743669 NaN NaN
116.86724671354031 6.283185307179586 NaN NaN
118.12388377497622 -6.283185307179586 -0.0 -0.0
118.12388377497622 -5.026548245743669 -0.0 -0.0
118.12388377497622 -3.7699111843077517 -0.0 -0.0
118.12388377497622 -2.5132741228718345 -0.0 -0.0
118.12388377497622 -1.2566370614359172 -1.85600201214e-5 -5.6126383485e-6
118.12388377497622 0.0 0.010573003107831 -0.9572719620464216
118.12388377497622 1.2566370614359172 6.242181509112004e115 3.814585412908057e114
118.12388377497622 2.5132741228718345 8.533919515053618e209 1.1774638948126447e209
118.12388377497622 3.7699111843077517 NaN NaN
118.12388377497622 5.026548245743669 NaN NaN
118.12388377497622 6.283185307179586 NaN NaN
119.38052083641213 -6.283185307179586 0.0 0.0
119.38052083641213 -5.026548245743669 0.0 0.0
119.38052083641213 -3.7699111843077517 0.0 0.0
119.38052083641213 -2.5132741228718345 0.0 0.0
119.38052083641213 -1.2566370614359172 5.919894189e-6 6.0424881998e-6
119.38052083641213 0.0 0.7615462627522134 -0.614261831952091
119.38052083641213 1.2566370614359172 2.931188436509152e115 -1.2646035500728442e115
119.38052083641213 2.5132741228718345 3.9609955003590716e209 -2.071836252100881e209
119.38052083641213 3.7699111843077517 NaN NaN
119.38052083641213 5.026548245743669 NaN NaN
119.38052083641213 6.283185307179586 NaN NaN
120.63715789784806 -6.283185307179586 -0.0 -0.0
120.63715789784806 -5.026548245743669 -0.0 -0.0
120.63715789784806 -3.7699111843077517 -0.0 -0.0
120.63715789784806 -2.5132741228718345 -0.0 -0.0
120.63715789784806 -1.2566370614359172 -2.05414408726e-5 -4.4532289463e-6
120.63715789784806 0.0 0.9468596203840342 0.1970948998338929
120.63715789784806 1.2566370614359172 6.522409284333047e115 -8.101082587856883e114
120.63715789784806 2.5132741228718345 8.780507647230186e209 -1.3919177086584925e209
120.63715789784806 3.7699111843077517 NaN NaN
120.63715789784806 5.026548245743669 NaN NaN
120.63715789784806 6.283185307179586 NaN NaN
121.89379495928398 -6.283185307179586 -0.0 0.0
121.89379495928398 -5.026548245743669 -0.0 0.0
121.89379495928398 -3.7699111843077517 -0.0 0.0
121.89379495928398 -2.5132741228718345 -0.0 0.0
121.89379495928398 -1.2566370614359172 -6.0249690446e-6 1.1830563276e-5
121.89379495928398 0.0 0.4632032307347866 0.8343530812092522
121.89379495928398 1.2566370614359172 1.7388631103475948e115 -1.0604077756268909e114
121.89379495928398 2.5132741228718345 2.1566294776484986e209 -4.721924900607607e208
121.89379495928398 3.7699111843077517 NaN NaN
121.89379495928398 5.026548245743669 NaN NaN
121.89379495928398 6.283185307179586 NaN NaN
123.15043202071989 -6.283185307179586 0.0 0.0
123.15043202071989 -5.026548245743669 0.0 0.0
123.15043202071989 -3.7699111843077517 0.0 0.0
123.15043202071989 -2.5132741228718345 0.0 0.0
123.15043202071989 -1.2566370614359172 2.491241208e-5 1.74441346748e-5
123.15043202071989 0.0 -0.3298856403840243 0.9025094365943666
123.15043202071989 1.2566370614359172 -9.928512255262691e113 8.744840554346474e114
123.15043202071989 2.5132741228718345 -3.560370678776953e207 6.604227137026477e208
123.15043202071989 3.7699111843077517 NaN NaN
123.15043202071989 5.026548245743669 NaN NaN
123.15043202071989 6.283185307179586 NaN NaN
124.4070690821558 -6.283185307179586 -0.0 -0.0
124.4070690821558 -5.026548245743669 -0.0 -0.0
124.4070690821558 -3.7699111843077517 -0.0 -0.0
124.4070690821558 -2.5132741228718345 -0.0 -0.0
124.4070690821558 -1.2566370614359172 -1.21384780423e-5 -3.07210924688e-5
124.4070690821558 0.0 -0.9050482411762006 0.3301000177011434
124.4070690821558 1.2566370614359172 1.4341360350717983e115 6.236840312515098e115
124.4070690821558 2.5132741228718345 1.9758075237500225e209 8.135368963675624e209
124.4070690821558 3.7699111843077517 NaN NaN
124.4070690821558 5.026548245743669 NaN NaN
124.4070690821558 6.283185307179586 NaN NaN
125.66370614359172 -6.283185307179586 0.0 0.0
125.66370614359172 -5.026548245743669 0.0 0.0
125.66370614359172 -3.7699111843077517 0.0 0.0
125.66370614359172 -2.5132741228718345 0.0 0.0
125.66370614359172 -1.2566370614359172 9.8484497673e-6 1.50386575872e-5
125.66370614359172 0.0 -0.8365760881973134 -0.4717841075959588
125.66370614359172 1.2566370614359172 2.746864615996049e115 2.461376877376523e115
125.66370614359172 2.5132741228718345 4.368634917861557e209 2.9945125089142013e209
125.66370614359172 3.7699111843077517 NaN NaN
125.66370614359172 5.026548245743669 NaN NaN
125.66370614359172 6.283185307179586 NaN NaN
