0.7474899986440675
0.13576335019631922
1.0932307951296694
1.1494470117857258
1.0148335691084385
1.3501379158857252
0.7105585474871716
0.4457917252088298
0.13395641534821812
1.2301276048608012
0.3343480249957739
0.09034064621206671
0.6054620362877974
1.9508423991472277
0.3871095208606926
0.7534990570326827
0.7514374169795263
0.2401546226572449
0.5706623117346317
1.415231756736431
0.36107586729276897
1.0541258282035812
0.6326978868544697
0.04178667390670533
0.6691948246518684
0.13764389471744706
0.5884948935467695
0.15485986822863468
0.0031522423610774912
0.9303134469941823
0.03455250998978458
0.8618673119658671
0.003519161824108713
0.6155691025422239
0.35893615037426846
1.1406211853392032
1.4334825554626358
1.768928705542742
0.1409290043406342
0.88847648278114
0.4316486903640753
0.6381381356094002
0.5466498826628986
4.008153436962896
3.424124793154763
1.1273246705871507
0.030775987842772523
1.716044464412986
0.034218178176560456
2.0153216928493056
1.0680065315783205
0.45259997922654815
0.2733951940389789
0.4374597881934507
0.7420002501816396
1.8473042087305775
0.8679740791421845
0.1203870723794746
1.9138490542780533
3.2102504110314247
0.29012371611707216
0.39203841789669996
2.2269296473825535
1.4016273108190431
4.083416156872307
2.07778548398773
0.043704283076195054
2.596587733118114
1.3242730288302302
0.33432242825602154
0.5347965401982557
0.09073283045252897
0.5427348798117314
0.7651351085710655
1.168367180527216
2.171793102542781
2.532568943074252
1.2016722450053714
0.10455729316424761
3.2456127637717374
1.5730864730437548
0.7796801531617096
0.7351877062958926
0.1503419639060589
0.06421874758403526
0.6850529839061302
1.2145426604947303
2.7698563001315843
3.3620226443529426
0.4676031047597054
0.560571234156516
0.002119397381863801
0.07455838582538844
1.711436977665704
0.7932788053466363
0.3987420511116346
1.040009426702482
0.9162517777458773
1.6567365403492906
1.4471072057115557
0.5299303272234903
0.8676072245979971
0.88396381465724
2.662119411544215
0.2268082131118144
2.056545855153327
0.11272825648379747
1.1557701057096534
1.1710467777391
1.4141863886607149
0.8639944912817059
2.690737786223931
0.9556177552038218
1.966307083057978
0.9716385260214326
0.3179608204509273
0.7076407933052299
0.32402502296598296
1.2481336270771246
0.14302332160178838
0.04720703850712303
1.6828273014145192
7.146312230400895
0.49850609494290765
0.5290741060862529
1.5310234341431956
0.970609018569182
0.7373187470212463
3.064438775670216
2.315631122521805
1.24556188635128
0.6617439556804867
0.0632102829410731
0.421203008332365
0.12301031059070289
3.700446134331528
0.27970808453318524
0.675909336908154
0.16286199294474601
0.3316503322759337
0.3144443075240454
1.3415205376718473
3.459787117650674
5.268302777396793
1.122591402745156
0.9532620930860651
1.0429530049890232
0.9016783992661588
0.46563417161296716
0.210050984138753
0.2383403172459231
1.3338983146893217
2.2486063367696825
4.049475628821586
1.0251136107992245
1.0114039305690448
1.0714057335573535
0.7979033409969247
1.0949527846447962
1.1740079996180486
1.8459178155730864
0.21928573500348755
1.227117489021515
0.7647833357373198
1.311096173010385
0.044904908615772725
0.6344752857036555
0.011437783724393568
0.9551357169108952
0.0034566410092015704
0.22253081519814338
1.654049048930848
0.09724150201694622
0.3140690164142817
1.7014609129285694
0.04874710229572153
0.027731373155984205
0.3443538236362005
0.23335458682097937
0.3529597884395047
0.6103546381753749
0.0012848268705150038
0.4913856009889662
0.02729187833838167
1.2685350116828387
0.34236214267217463
0.5369933188057647
0.610091890870489
0.21665511673950177
2.0057176609380165
0.3543715294260372
1.2837030219631065
1.2200489531045424
0.06032751048708175
0.3023355240629267
0.1357365018396614
2.322988360561971
0.2794311116970098
0.39947524228994996
0.3101536954252233
0.25581356115083564
