0.0 1.0
0.05 0.9912746436852446
0.1 0.9969802222246495
0.15000000000000002 0.9952217468485268
0.2 0.9910652737617208
0.25 0.9978471847526372
0.3 0.9880494485199242
0.35 0.9947416338199924
0.39999999999999997 0.9896898180759148
0.44999999999999996 0.9874904462557252
0.49999999999999994 0.9917330026860154
0.5499999999999999 0.9818639841463483
0.6 0.9889228228848856
0.65 0.981188818991252
0.7000000000000001 0.9811519884226094
0.7500000000000001 0.9825979567392602
0.8000000000000002 0.973630266417096
0.8500000000000002 0.9804748576631112
0.9000000000000002 0.9709153859565816
0.9500000000000003 0.973052875977506
1.0000000000000002 0.9717497152007982
1.0500000000000003 0.9645184899229032
1.1000000000000003 0.9706557426507436
1.1500000000000004 0.960225924351969
1.2000000000000004 0.9643885781341778
1.2500000000000004 0.9606016056170638
1.3000000000000005 0.9557582862641094
1.3500000000000005 0.9607779148958194
1.4000000000000006 0.9504340188830442
1.4500000000000006 0.9563312956854342
1.5000000000000007 0.9504662320806698
1.5500000000000007 0.948465274199298
1.6000000000000008 0.9520132861278742
1.6500000000000008 0.9426694451287002
1.7000000000000008 0.9498646173661558
1.7500000000000009 0.9424353736140434
1.800000000000001 0.9435155038461897
1.850000000000001 0.9452880471733403
1.900000000000001 0.9377927329723564
1.950000000000001 0.9456922367879602
2.000000000000001 0.9373282319562618
2.0500000000000007 0.9414704509567446
2.1000000000000005 0.941252915736979
2.1500000000000004 0.9363424909243871
2.2 0.9442145199366166
2.25 0.935668304412468
2.3 0.9425467966579272
2.3499999999999996 0.9402892732274978
2.3999999999999995 0.9384982009593243
2.4499999999999993 0.9455483894669346
2.499999999999999 0.9376548624926552
2.549999999999999 0.9466243751910056
2.5999999999999988 0.9425081670510675
2.6499999999999986 0.9440592904619978
2.6999999999999984 0.9495554895099136
2.7499999999999982 0.9431217867543734
2.799999999999998 0.9532800928720888
2.849999999999998 0.9477190160094772
2.8999999999999977 0.9524528258575662
2.9499999999999975 0.9558468270484642
2.9999999999999973 0.9515071982702288
3.049999999999997 0.9618259256287144
3.099999999999997 0.9553833799640112
3.149999999999997 0.962774560593557
3.1999999999999966 0.9637606955126344
3.2499999999999964 0.9618673054042622
3.2999999999999963 0.9713359739659114
3.349999999999996 0.964600839913279
3.399999999999996 0.973855990674082
3.4499999999999957 0.972352682118929
3.4999999999999956 0.972952528392128
3.5499999999999954 0.9806799400855502
3.599999999999995 0.9741726654065666
3.649999999999995 0.9843576422959054
3.699999999999995 0.9804552047491873
3.7499999999999947 0.9833461323328002
3.7999999999999945 0.988608840673117
3.8499999999999943 0.9827591123243242
3.899999999999994 0.992907132434616
3.949999999999994 0.9868390582084018
3.999999999999994 0.9916573904867708
4.049999999999994 0.9939265244368634
4.099999999999993 0.9891091074703814
4.149999999999993 0.9982946210257402
4.199999999999993 0.9904556976572289
4.249999999999993 0.9967466866704552
4.299999999999993 0.9957278098039528
4.3499999999999925 0.9923062196604948
4.399999999999992 0.9996980943983966
4.449999999999992 0.9906853738821944
4.499999999999992 0.9979323262190652
4.549999999999992 0.9936265308024392
4.599999999999992 0.9919520323327594
4.6499999999999915 0.9968688275620798
4.699999999999991 0.9874926758901604
4.749999999999991 0.9951145779140094
4.799999999999991 0.9878764202004015
4.849999999999991 0.9882211232209178
4.899999999999991 0.9902030760318706
4.94999999999999 0.981421267070097
4.99999999999999 0.9887772345884778
5.04999999999999 0.9793245339378572
5.09999999999999 0.9817784365071142
5.14999999999999 0.980666280585773
5.1999999999999895 0.9734362915132228
5.249999999999989 0.9798755179858942
5.299999999999989 0.9692130233331538
5.349999999999989 0.9736121643684568
5.399999999999989 0.9695935796529838
5.449999999999989 0.9646960227957234
5.4999999999999885 0.9696525940267952
5.549999999999988 0.9589140558097528
5.599999999999988 0.9648526190769804
5.649999999999988 0.9584348404654716
5.699999999999988 0.9563484804121404
5.749999999999988 0.9594329276164916
5.799999999999987 0.949699686527331
5.849999999999987 0.9566173636256206
5.899999999999987 0.9485257379368331
5.949999999999987 0.9494003123509241
5.999999999999987 0.950435935152429
6.0499999999999865 0.9426046697872794
6.099999999999986 0.9498895863789272
6.149999999999986 0.9409409892324055
6.199999999999986 0.94464703093532
6.249999999999986 0.9436437913973704
6.299999999999986 0.9383749836514498
6.349999999999985 0.9454283106558348
6.399999999999985 0.9364358041568798
6.449999999999985 0.9426323546717382
6.499999999999985 0.939735321106894
6.549999999999985 0.9374582661937442
6.5999999999999845 0.943711752579613
6.649999999999984 0.9354413679277386
6.699999999999984 0.9436159058028984
6.749999999999984 0.9390710387554652
6.799999999999984 0.939996353084975
6.849999999999984 0.9449119460993451
6.8999999999999835 0.9380710957057068
6.949999999999983 0.9475455800798382
6.999999999999983 0.941699911264894
7.049999999999983 0.9458034259457304
7.099999999999983 0.9488924892294897
7.149999999999983 0.9441098017042124
7.199999999999982 0.9540414242790556
7.249999999999982 0.947361419992073
7.299999999999982 0.9543375402660906
7.349999999999982 0.9552191948880194
7.399999999999982 0.952983869849746
7.4499999999999815 0.9624030699190446
7.499999999999981 0.9554724666581418
7.549999999999981 0.9646928285420286
7.599999999999981 0.9631770754832119
7.649999999999981 0.9637400062914598
7.699999999999981 0.9716526436872044
7.7499999999999805 0.9651152091902646
7.79999999999998 0.9756481264193682
7.84999999999998 0.971798757354859
7.89999999999998 0.9750827984410322
7.94999999999998 0.9806200017149658
7.99999999999998 0.9750716342375678
8.04999999999998 0.9857956033529994
8.09999999999998 0.9799298320659862
8.14999999999998 0.9855155227471424
8.199999999999982 0.9880734228028712
8.249999999999982 0.9839572121288198
8.299999999999983 0.993742370911028
8.349999999999984 0.9863675283635178
8.399999999999984 0.9935826318514136
8.449999999999985 0.9928962453009368
8.499999999999986 0.9904623383441666
8.549999999999986 0.998346402967872
8.599999999999987 0.990079387819938
8.649999999999988 0.9981506074097032
8.699999999999989 0.994291919059326
8.74999999999999 0.9936344592740182
8.79999999999999 0.99892883446991
8.84999999999999 0.9904433287064832
8.899999999999991 0.9986313993940812
8.949999999999992 0.9919641392423514
8.999999999999993 0.9930886446138412
9.049999999999994 0.9954020385265218
9.099999999999994 0.9874081965658966
9.149999999999995 0.9950724579164564
9.199999999999996 0.9862011765057306
9.249999999999996 0.9890618249527682
9.299999999999997 0.9882745022558792
9.349999999999998 0.9815015004571218
9.399999999999999 0.9880958574927032
9.45 0.9778250132149142
9.5 0.982303775337566
9.55 0.97853815607151
9.600000000000001 0.9736863533753576
9.650000000000002 0.9787310071502522
9.700000000000003 0.9680244908758018
9.750000000000004 0.97386965203249
9.800000000000004 0.9674844750996534
9.850000000000005 0.9651338565685688
9.900000000000006 0.9682155789215356
9.950000000000006 0.9581313374641218
10.000000000000007 0.9649048479174116
