0.0 1.0000000000000009
5.235987755982989 0.0266722274370949
10.471975511965978 0.0316356780322545
15.707963267948966 0.6168103284759164
20.943951023931955 0.0179074765433194
26.179938779914945 0.0493799846670863
31.41592653589793 0.8317910124770876
36.65191429188092 0.0172057503099888
41.88790204786391 0.0624410851607038
47.1238898038469 0.6021047142416376
52.35987755982989 0.0125234130400276
57.59586531581288 0.0987111260935346
62.83185307179586 0.504949865672956
68.06784082777885 0.014181144942157
73.30382858376184 0.1256024846098168
78.53981633974483 0.4820421836983287
83.77580409572782 0.0115539017766466
89.01179185171081 0.195294478234142
94.2477796076938 0.2542250174497016
99.48376736367679 0.0145086936707332
104.71975511965978 0.239139956189921
109.95574287564277 0.3017619901926014
115.19173063162576 0.0139159990180583
120.42771838760875 0.3575156831148834
125.66370614359172 0.1198414863220659
130.89969389957471 0.0165353157162932
136.1356816555577 0.4066436417405896
141.3716694115407 0.1573802859350692
146.60765716752368 0.0206453119987923
151.84364492350667 0.5746897767882851
157.07963267948966 0.0561511069900989
162.31562043547265 0.0184346768353435
167.55160819145564 0.5915165284135067
172.78759594743863 0.0757774278860174
178.02358370342162 0.0351192198044965
183.2595714594046 0.7777947690552134
188.4955592153876 0.0266086727522643
193.7315469713706 0.0179928810018009
198.96753472735358 0.7171649892177134
