-24.42505838235548 0.6971599105424998 -24.392153742527 0.6982833029082157
-22.978597968671373 0.6856219724536073 -22.947780599870185 0.6865006874627667
-21.50974392668985 0.6760509761245694 -21.480641318687432 0.6767659171356832
-20.021565847933044 0.6679233603447005 -19.993914047261786 0.6685212512811446
-18.51642851652634 0.6608962041051417 -18.490029930121654 0.6614065123118352
-16.996210178274655 0.6547331626589479 -16.970911085713787 0.6551756650693037
-15.46243845092786 0.6492647770258408 -15.438115793041877 0.6496533835517905
-13.916379652385103 0.6443656378827293 -13.892932709990585 0.6447104937850021
-12.359100048449115 0.6399404937140422 -12.336444913337496 0.6402492168175712
-10.791509304760435 0.6359154105801086 -10.769575049964729 0.6361938590188402
-9.214392194596421 0.6322319329555061 -9.193118131478808 0.6324847023866248
-7.628432291832355 0.6288431038648016 -7.607765950840992 0.6290738612077803
-6.034230037120754 0.6257106785230641 -6.014125646706576 0.625922392662718
-4.432316756932385 0.6228031277491014 -4.412734075048318 0.622998233179303
-2.8231657098653926 0.6200941779560755 -2.8040691110445555 0.6202746934026148
-1.2072009088810005 0.617561724224336 -1.1885586604355687 0.6177293403473121
0.4151957476716982 0.6151870081306301 0.4334120669840382 0.6153431534225914
2.043678649783528 0.6129539869151694 2.061494622088683 0.6130998779990506
3.67793366925273 0.6108488432009799 3.695372425290075 0.6109855237255839
5.317674159511727 0.6088595994936938 5.334756699902512 0.6089879705766391
6.962637599877779 0.6069758118427483 6.979383063600508 0.6070966561550156
8.61258275981086 0.6051883240426091 8.629008650332509 0.6053023250447581
10.267287286507342 0.6034890686505373 10.283409663666767 0.6035968260842127
11.926545639938908 0.6018709045817928 11.94237928394429 0.6019729470291124
13.590167315192863 0.6003274835526258 13.605725867814346 0.6004242786637012
15.257975304032039 0.598853139474737 15.273271391138316 0.598945102300182
16.929804756923325 0.5974427962580985 16.944850095871345 0.5975302959872454
18.60550181406787 0.5960918904910742 18.620307309105776 0.5961752557611248
20.2849225797018 0.5947963062276217 20.299498408564904 0.5948758289977848
21.967932218489437 0.5935523196930904 21.982287914002917 0.5936282573870673
23.65440415647133 0.5923565521653017 23.668548688881103 0.5924291271701376
24.9211529974841 1.1829766086053553 24.935143989251515 1.1831169509694706
25.840222513267115 1.0072382361825327 25.866521190581395 0.9827725633446117
26.946616203362623 0.819689868153599 26.982469295116182 0.823474432964489
28.144831263337526 0.8500101650440942 28.168136051728997 0.8643290908289931
29.157675772796637 1.1775338323241604 29.171190578890027 1.1776588786381716
30.00728035708268 1.176502881450777 30.02070608022013 1.1766246898215194
30.857623291282316 1.1754898153939497 30.870962215309785 1.1756081151067805
31.84860779490411 0.8839702367656852 31.863490559368184 0.8814975560747098
33.01883003512687 0.8270035359255692 33.03377773172245 0.8290902906395334
34.158171301146865 0.9350182343693296 34.17136054967637 0.9354323565763847
35.12002803680411 1.170664625949661 35.13304321113503 1.1704928980875546
35.97458955798649 1.1697172870177388 35.987608162516395 1.1698793980141786
36.829866507187766 1.168706980344064 36.842844494595965 1.1686561298048739
37.84937607109384 0.8450423387854541 37.857972484331576 0.8513737439735848
39.041012199465754 0.8334030634364255 39.044340135194034 0.8346109688488981
40.16986152769749 0.9453591313998674 40.181327743710014 0.9295302692383712
41.13699775395146 1.1409359461171218 41.161565130535976 1.1303744783843597
42.022536673687455 1.1178124634328177 42.058760137882736 1.099230340337845
42.93160937124911 1.0827890212718188 42.9878684563422 1.0543082619232518
43.908654652963946 0.9703559981530078 43.96654988547482 0.9912043910521472
45.01982646489783 0.8390711752967848 45.04139219433423 0.8765694190034377
46.21086980481599 0.840129511554742 46.25325710351794 0.779472523240402
47.40042986318657 0.8411649674539518 48.03525734613683 0.4383885207878425
48.588542029842216 0.8421783910361295 50.09919848280453 0.5414769599886377
49.77524028668811 0.8431705859593199 51.23750596246451 2.3265860888143135
50.96055728557013 0.8441423144842565 51.51565878407615 7.905680124327542
52.221035073727094 0.7483230799915145 51.6244039455713 10.989132694783615
53.66946132659231 0.6408073965232188 52.19888812694947 0.9452069481384657
55.29816467665407 0.589318461652953 53.90874828405044 0.4234146715194903
56.80160399722803 0.7633568896189701 56.26808859434515 0.42428079622727605
58.045131014557654 0.8495810087463034 58.03490976278637 0.8498251391986955
59.31604306171234 0.7327224228277522 59.231416291303105 0.822165315706755
61.07815017401656 0.4630828235422964 60.97968304669109 0.4385516524671086
62.74412168577273 0.852876937069244 62.71936428236499 0.8339383850272615
64.07401747006647 0.6723640698825635 64.04971351040372 0.684196184163222
65.82956732963225 0.4941174695549367 65.80499158059709 0.48804603420959086
67.42562155735435 0.8559458501703188 67.41356196236501 0.856051717828813
69.17657473506742 0.4285209578358669 69.16432146037536 0.42856556190771217
71.28220691749556 0.5325788568327307 71.27485493814834 0.5297447208095917
73.02881088278494 0.6189835891756041 73.02132529487315 0.6229601821390879
74.99868544414647 0.43025605197639116 74.98598093977884 0.4302792207989933
77.3211126546019 0.43091245007578377 77.30830037336308 0.4309292376249234
79.64005806645642 0.43154902889913227 79.62717006873109 0.4315603947225082
81.95563565977173 0.4321668011977876 81.94269906626292 0.4321735555045866
84.26795324535571 0.4327667073278512 84.25499101738748 0.4327695363837804
86.57711292579746 0.4333496218523288 86.56414451158781 0.4333491086412229
88.88321151292266 0.4339163594149868 88.87025338498286 0.43391300052808124
91.1863409066165 0.4344676799813141 91.1734070103025 0.43446189948371894
93.48658843931102 0.4350042935238247 93.47369056854677 0.4349964543892192
95.78403718988139 0.43552686422177206 95.77118530291538 0.43551727780527905
98.07876627024515 0.436036014223468 98.06596875564142 0.43602494820693777
100.37085108788357 0.43653232690660126 100.35811498700755 0.4365200126999194
102.6603635905639 0.4370163484916006 102.64769476275546 0.43700299471392595
104.94737253331121 0.4374885761744796 104.93477557763664 0.43747444757799653
107.23194411789854 0.4379493253959529 107.21942038965378 0.43793539468289544
109.51414588043308 0.438397611223597 109.50167607322479 0.4383908445848686
111.79407445001756 0.4388230601273943 111.78148421851716 0.4388762256220993
114.07203038933557 0.439157174307404 114.058054611398 0.4396388923643309
116.34940967338545 0.43904526060837146 116.32637338786765 0.442078143029395
118.63206560153239 0.4371312666239324 118.56646168611468 0.4508295790943264
120.9383925881396 0.4301053775154367 120.76942727822254 0.45708056662185037
123.3082716674181 0.4141221380816485 122.92507560673252 0.47092097220278945
125.79975387888942 0.38937506298660973 125.37039017370137 0.3613851852703611
128.472197216834 0.3601437818587529 127.98874308344605 0.4049279353841508
131.37669457790156 0.3297798532533629 131.04570370967113 0.27439765445134273
134.5656285689227 0.29890522499862404 134.5476305641566 0.297662661524656
138.11504670389175 0.2664326168204624 138.1047580621137 0.2663295071950459
142.16583740169034 0.22997561085212148 142.15580265381317 0.2300256176083261
147.05895520643207 0.18389288031375597 147.05023873693517 0.1837718337813355
