0.0 0.9999999999999982 0.9356979618866844
4.28 1.0032766489865796 0.9387639156652459
8.56 1.0032718540315537 0.9387594290356017
12.84 1.0032682197618923 0.938756028456886
17.12 1.0032652549603946 0.9387532542981664
21.400000000000002 1.0032625039342993 0.938750680168656
25.68 1.003260008485577 0.938748345182372
29.96 1.0032576912168096 0.9387461769187098
34.24 1.0032554561134772 0.9387440855370771
38.52 1.0032533015200926 0.9387420694884385
42.800000000000004 1.003251224188618 0.9387401257336118
47.080000000000005 1.003249162144472 0.9387381962831065
51.36 1.0032472208071312 0.9387363797777137
55.64 1.0032452790151019 0.9387345628468688
59.92 1.0032433842282538 0.9387327898986769
64.2 1.0032415317443708 0.9387310565332834
