0.0 0.9999999999999991 0.057634071870660226
8.2 1.0042763451339405 0.05787900094888023
16.4 1.004261434427151 0.05788798887829859
24.599999999999998 1.0042470567230022 0.057949125657350616
32.8 1.0042237101362563 0.058121716702393196
41.0 1.0041730078191906 0.05847365325943486
49.199999999999996 1.0040633015684883 0.05907038587777169
57.39999999999999 1.0038493056817208 0.059965171502973244
65.6 1.0034757593831194 0.06119175118520839
73.8 1.0028843391719617 0.06275998026806992
82.0 1.0020234785184585 0.06465467993023694
90.19999999999999 1.0008563041380385 0.06683770626532831
98.39999999999999 0.9993667978248957 0.06925357380255072
106.6 0.997557978551897 0.0718383591806698
114.79999999999998 0.9954448891341561 0.07453153440337276
122.99999999999999 0.9930408303916282 0.07728908363587854
131.2 0.9903394298857517 0.08009545902834214
139.39999999999998 0.9872992528267576 0.08297166497047814
147.6 0.9838328202800566 0.08597677399317732
155.79999999999998 0.9798056366453134 0.08920186952804302
164.0 0.9750471169196101 0.09275724501282472
172.2 0.9693717759773117 0.09675541031187479
180.39999999999998 0.962608992477501 0.10129363439867313
188.6 0.9546338817756106 0.10643924993019954
196.79999999999998 0.9453938233841955 0.11222019339467129
204.99999999999997 0.9349218406760367 0.1186216738467653
213.2 0.9233334314125325 0.12558928527535865
221.39999999999998 0.910804938222145 0.1330382032977899
229.59999999999997 0.8975375428235723 0.14086790309339492
237.79999999999998 0.8837132909781016 0.14898096652422893
245.99999999999997 0.8694543221853398 0.15730378542270973
254.2 0.8547941012273783 0.1658055440575953
262.4 0.8396678607516347 0.17451135166880394
270.59999999999997 0.8239247669774871 0.18350577372499255
278.79999999999995 0.8073587758572925 0.19292456105846062
287.0 0.7897526667700041 0.20293529234708207
295.2 0.7709258601970337 0.21371023671075198
303.4 0.7507772167931843 0.22539702561037134
311.59999999999997 0.7293144372924869 0.23809318485546654
319.79999999999995 0.7066643856522121 0.25182953526060187
328.0 0.6830623762372352 0.2665652969135048
336.2 0.6588217581441785 0.28219490547501214
344.4 0.6342900419263564 0.2985646343488656
352.59999999999997 0.6098002371776936 0.31549565896224663
360.79999999999995 0.5856270226047186 0.3328096400058773
368.99999999999994 0.5619562522415498 0.3503529786234234
377.2 0.5388731680380989 0.3680164219826963
385.4 0.5163695155516771 0.3857470147122532
393.59999999999997 0.4943666599834057 0.4035509740321267
401.79999999999995 0.47274764044319095 0.42148681302689617
409.99999999999994 0.45139135954330345 0.4396502915116851
418.2 0.43020178978474455 0.4581535349376878
426.4 0.4091282134476666 0.4771022355978367
434.59999999999997 0.38817442857800866 0.49657467401313327
442.79999999999995 0.36739745080607317 0.5166058869075665
450.99999999999994 0.3468977531272152 0.5371789910519016
459.19999999999993 0.3268042756256822 0.5582244830631331
467.4 0.30725707231396604 0.5796263575604267
475.59999999999997 0.2883908063431194 0.6012334850573768
483.79999999999995 0.2703210659032101 0.6228735219617518
491.99999999999994 0.25313511794537724 0.6443671514709015
500.19999999999993 0.23688737991885303 0.6655402327935239
508.4 0.22159949875060508 0.6862326388368372
516.5999999999999 0.20726411839618694 0.706303084811831
524.8 0.19385099049590493 0.7256297866905372
533.0 0.181314218580868 0.7441079562453142
541.1999999999999 0.16959938213488657 0.7616452758556158
549.4 0.15864964834022477 0.7781566525673866
557.5999999999999 0.1484104628723762 0.7935598786041769
565.8 0.13883251687896822 0.8077735761162146
574.0 0.1298732585349369 0.8207184961594749
582.1999999999999 0.12149771708441783 0.8323230380899271
590.4 0.11367819755032518 0.842532723121193
598.5999999999999 0.10639138701379965 0.8513216134551235
606.8 0.09961393177760379 0.858702610793339
615.0 0.09332130846277294 0.864733069064081
623.1999999999999 0.0874928449593905 0.8695134203320553
631.4 0.08211711655628216 0.8731787093201555
639.5999999999999 0.07718784915214438 0.8758852274682983
647.8 0.07269046025635563 0.8777962242888819
656.0 0.06859433388049443 0.8790698510601576
664.1999999999999 0.06486617241418456 0.8798517707936728
672.4 0.06149981435666663 0.8802721418946043
680.5999999999999 0.05853741489471979 0.880445813474145
688.8 0.05605740663893649 0.8804728720145664
696.9999999999999 0.05412752995281567 0.8804375709804185
