0.0 1.0
8.9 1.00439599
17.8 1.01457852
26.700000000000003 1.03108059
35.6 1.05071531
44.5 1.0716705
53.400000000000006 1.09329606
62.300000000000004 1.11385194
71.2 1.13333316
80.10000000000001 1.15187737
89.0 1.16966525
97.9 1.1860393
106.80000000000001 1.20289817
115.7 1.21664118
124.60000000000001 1.22963152
133.5 1.23919402
142.4 1.24471792
151.3 1.24748008
160.20000000000002 1.24531486
169.1 1.23867764
178.0 1.22747204
186.9 1.21142051
195.8 1.1905202
204.70000000000002 1.16775344
213.60000000000002 1.14179532
222.5 1.11716277
231.4 1.09356732
240.3 1.07253253
249.20000000000002 1.05582995
258.1 1.04197859
267.0 1.03176666
275.90000000000003 1.02378396
284.8 1.01842455
293.7 1.01510091
302.6 1.01575719
311.5 1.02003763
320.40000000000003 1.03041207
329.3 1.04500665
338.2 1.06470403
347.1 1.08798268
356.0 1.11209088
364.90000000000003 1.13738761
373.8 1.15996239
382.7 1.18058389
391.6 1.19798758
400.5 1.212301
409.40000000000003 1.22365218
418.3 1.23322272
427.20000000000005 1.2386066
436.1 1.24192675
445.0 1.24200907
453.90000000000003 1.23767667
462.8 1.23156741
471.70000000000005 1.22073857
480.6 1.20723509
489.5 1.1900413
498.40000000000003 1.16938234
507.3 1.14563755
516.2 1.12044219
525.1 1.09334882
534.0 1.06783665
542.9 1.04518892
551.8000000000001 1.02669285
560.7 1.01562261
569.6 1.01014153
578.5 1.0118921
587.4 1.01747712
596.3000000000001 1.02669725
605.2 1.03760296
614.1 1.04942942
623.0 1.06186824
631.9 1.07564715
640.8000000000001 1.09077459
649.7 1.10814646
658.6 1.12841768
667.5 1.14948347
676.4 1.17306279
