0 1.414213562373095
0.05 1.4265690543199425
0.1 1.419095610373481
0.15000000000000002 1.4217023047080852
0.2 1.428778462116031
0.25 1.419833063016698
0.3 1.4345800234337573
0.35 1.4271332490350792
0.39999999999999997 1.4344157070407653
0.44999999999999996 1.4402360113525705
0.49999999999999994 1.434844463852916
0.5499999999999999 1.4503235326693702
0.6 1.4428710635413138
0.65 1.4534982489038846
0.7000000000000001 1.4570508531474158
0.7500000000000001 1.4547255334108367
0.8000000000000002 1.4691578440337412
0.8500000000000002 1.4614558279593335
0.9000000000000002 1.4738890500115536
0.9500000000000003 1.4743263045533306
1.0000000000000002 1.474438047895691
1.0500000000000003 1.486335629026244
1.1000000000000003 1.4782651441776924
1.1500000000000004 1.4912117800445768
1.2000000000000004 1.4880578649914784
1.2500000000000004 1.490247979942519
1.3000000000000005 1.4985532086805384
1.3500000000000005 1.4904184492012174
1.4000000000000006 1.502964471285047
1.4500000000000006 1.4962529236938624
1.5000000000000007 1.500595939595957
1.5500000000000007 1.5046500505829754
1.6000000000000008 1.4973666741788598
1.6500000000000008 1.5088242400648242
1.7000000000000008 1.4992341243779488
1.7500000000000009 1.506072450567443
1.800000000000001 1.5055717179556318
1.850000000000001 1.500617317538523
1.900000000000001 1.5102145090071692
1.950000000000001 1.4991561045942203
2.000000000000001 1.5085813652802926
2.0500000000000007 1.5036304018556805
2.1000000000000005 1.5025666665373036
2.1500000000000004 1.5092167571043855
2.2 1.4986578428036847
2.25 1.509860644487027
2.3 1.5011075701427234
2.3499999999999996 1.5047102715876224
2.3999999999999995 1.5071730713015086
2.4499999999999993 1.4990328429962823
2.499999999999999 1.5101171806304463
2.549999999999999 1.4987679857957654
2.5999999999999988 1.5063694554328415
2.6499999999999986 1.5038154149435277
2.6999999999999984 1.4991971796247452
2.7499999999999982 1.507849669544025
2.799999999999998 1.4953708595290462
2.849999999999998 1.5051098671050653
2.8999999999999977 1.4975800048796997
2.9499999999999975 1.4964736953419697
2.9999999999999973 1.5009764649780164
3.049999999999997 1.4886582081680686
3.099999999999997 1.498459548845502
3.149999999999997 1.4868137025955268
3.1999999999999966 1.488504427964755
3.2499999999999964 1.488274255162282
3.2999999999999963 1.4770442292494654
3.349999999999996 1.4855031031175254
3.399999999999996 1.4710629978818786
3.4499999999999957 1.4748327698077954
3.4999999999999956 1.4703279862645149
3.5499999999999954 1.4609220113944397
3.599999999999995 1.4676141376899454
3.649999999999995 1.45189234831656
3.699999999999995 1.457499925230679
3.7499999999999947 1.4498467734397456
3.7999999999999945 1.4430833479767204
3.8499999999999943 1.4483788407014022
3.899999999999994 1.4329692807312275
3.949999999999994 1.4406965289028253
3.999999999999994 1.4312907728955793
4.049999999999994 1.4281479599915927
4.099999999999993 1.4327481203722416
4.149999999999993 1.4192013177216807
4.199999999999993 1.4294957939027189
4.249999999999993 1.4196011102160186
4.299999999999993 1.4209651516422652
4.3499999999999925 1.4253207066634515
4.399999999999992 1.4148838382968654
4.449999999999992 1.4277726808113929
4.499999999999992 1.4181604993216512
4.549999999999992 1.4243749735776572
4.599999999999992 1.428230523615162
4.6499999999999915 1.421587007947676
4.699999999999991 1.436221899514968
4.749999999999991 1.4270815285222924
4.799999999999991 1.4376380952186154
4.849999999999991 1.4400418231377394
4.899999999999991 1.4372867729306276
4.94999999999999 1.451981035083658
4.99999999999999 1.4432233849727023
