1 -5.675227025992228 -5.618536666657313
2 -5.355254434849839 -5.348690058116613
3 -4.965751748584183 -5.005829365061159
4 -4.4951873330660534 -4.4773637800129
5 -3.9713877966022455 -3.946304093740282
6 -3.4095880102807117 -3.3742657274281163
7 -2.8184175988930122 -2.7691640350829774
8 -2.203495347850148 -2.133643994400009
9 -1.568779536118616 -1.4683581327509652
10 -0.91720249966603 -0.7694002997580026
11 -0.2510166116789513 -0.025672788317910453
12 0.4279992930105148 0.7922470329966007
13 1.1184088349804948 1.7893370687631234
14 1.8190308304747635 5.359689871885916
15 2.5288789698278604 5.9508320486801125
16 3.247118755243986 6.258233308217839
17 3.9730356918603533 6.448396978049084
18 4.706008985888342 6.5818869631882615
19 5.305930511864556 6.713761486724746
20 5.445570365075732 6.770673521048612
21 6.191066234097333 6.826939042013033
22 6.816435341369878 6.920590795200008
23 6.942468713007537 6.9649757989530015
24 7.698722166423549 7.048770344523127
25 8.285501208759783 7.076191048555952
26 8.46045069257281 7.093205019817
27 9.226142121103905 7.157604910642442
28 9.722017311684342 7.23415212325314
29 9.996956314493332 7.270030329192412
30 10.770991521059031 8.271498857383795
31 11.1320852805874 9.721044509799984
32 11.549966041649471 11.132129676200254
33 12.331084981646034 11.321245861430409
34 12.520410573854571 12.688024927195162
35 13.117773723361445 12.81120745944803
36 13.879645384642556 13.5679972111003
37 13.915534898701129 13.595427869876147
38 14.698879624516525 14.383992291490323
39 15.239906993182112 14.994672053262457
40 15.495532687931302 15.180017173905146
41 16.291702589140673 16.075812544100405
42 16.57932679889095 16.618649157104002
43 17.094188033757256 16.876177387185553
44 17.87952429193998 17.642533219427612
45 17.922039782640354 18.030030194313806
46 18.703581451262334 18.690864113287535
47 19.21686482322839 19.188725135719142
48 19.514341865133286 19.480823439798847
49 20.32136162599115 20.735102580305654
50 20.523805478636326 21.118950686714648
51 21.137724512681693 21.124783334526878
52 21.81141718410099 21.580592970072182
53 21.95804086064955 21.807576337946763
54 22.769493838400994 21.846272241362794
55 23.102538086573198 23.118929095818043
56 23.59193750675561 23.434015029488492
57 24.36280729654968 24.32184013739611
58 24.430150977915083 24.4396604176001
59 25.235601216766234 25.28492272118319
60 25.650575488779435 25.67221483438442
61 26.064191137071045 25.937253576647322
62 26.868109609018145 26.86917449234948
63 26.936984793821726 26.91842330793943
64 27.718267052215896 27.786702549533636
65 28.172294012267702 28.306282792312462
66 28.55262791685902 28.438322739248346
67 29.36345646425678 29.450207841978788
68 29.4448817654518 30.27626596550451
69 30.215962874056395 30.29716583699015
70 30.67145238033308 30.938886148763476
71 31.055585684876423 31.826159465513108
72 31.862897268956356 31.834697979749926
73 31.941631741632985 32.36194031169899
74 32.727271397652515 32.76368319960036
75 33.15107559567396 32.80005235388812
76 33.57169799697951 33.148436849362845
77 34.355176193049495 33.47539612671116
78 34.43988317208197 34.295057533112924
79 35.25082219654917 35.398377478870685
80 35.6136469630469 35.497779736724866
81 36.09988576482506 35.64086873531562
82 36.822504827929826 36.26337784030423
83 36.95850635723038 36.99113547259786
84 37.78498115222946 37.99970414468041
85 38.06161508131711 38.221268905981816
86 38.6392089512223 38.66020367363978
87 39.26698173439141 38.928072375632695
88 39.49628827060805 39.52556271616543
89 40.326212450336776 40.241316689032885
90 40.49917913490917 40.98438936854644
91 41.1886813156732 41.01655841228752
92 41.69526638051611 41.61248393545562
93 42.04739117387231 41.77482320714656
94 42.852634942202336 42.557224803299526
95 42.94880363866191 43.25295343948412
96 43.74691775881963 44.01647971644373
97 44.1111573876121 44.20255677962239
98 44.60909231328702 44.78344633619314
99 45.296887674061146 44.785084090907176
100 45.478406819349836 46.13800241192198
101 46.31019951235849 46.192658419641624
102 46.519478768000035 47.016876346540464
103 47.17971236742671 47.08233006617515
104 47.70090939541505 47.22430232059808
105 48.04671498814679 47.51075338918079
106 48.84689392536048 48.49766392498342
107 48.95254223714368 49.292120512139356
108 49.757049041547624 50.2426987528997
109 50.092573990821386 50.40050059458303
110 50.62726563486809 50.60059654952357
111 51.26637265027739 50.714696746202435
112 51.501577210101566 51.516109835803434
113 52.33126255053284 51.99974027105923
114 52.485153206718685 52.80610016053247
115 53.215382458356686 53.21948808985185
116 53.64726610554337 53.63380839534077
117 54.08897718718673 54.1519980237418
118 54.80796559211585 54.401481392569245
119 54.9742083727823 55.384420520061305
120 55.805189000310875 55.75811650579447
121 56.02268718343142 56.588109351701334
122 56.68757761341897 56.64646301798665
123 57.18399018450013 56.8107614183724
124 57.56806885572984 57.20312245868353
125 58.33107173965811 58.08085127513694
126 58.472433854605185 58.72868812395189
127 59.31492763081194 59.197400113193765
128 59.55007024973893 59.807246108576344
129 60.23655883797349 60.09786776615835
130 60.70803423210945 60.612306101435834
131 61.18556812353097 61.64744618303206
132 61.867326134478375 61.843619076148684
133 62.181985670854885 62.1647880635285
134 63.0209951199515 62.87183073125401
135 63.24005734418038 63.24701679038787
136 64.17393906077497 63.444731004505314
137 64.36548094815984 64.44342478556707
138 65.33985103703256 65.25209719770221
139 65.5511978536591 65.6276788858717
140 66.51690857251589 66.4642720978278
141 66.809380028905 66.91259606663752
142 67.69231130362887 67.60607486844079
143 68.15804117649719 68.35699176122752
144 68.86366370678122 68.90091978355909
145 69.61299055678126 69.69746646092834
146 70.03493734159622 70.04320537600842
147 71.12314802650934 70.721769969416
148 71.26462653928965 71.39670156504708
149 72.34320611465597 72.56378011514755
150 72.91935158823262 72.89281997017318
151 73.52081517171383 73.47367161750215
152 74.58647071076776 74.31543636225598
153 74.88946739425454 74.98838426488607
154 75.80000959224601 75.73714883612331
155 76.86949849849184 76.8249982579208
156 77.02527219996814 77.0597915693905
157 78.1197636571683 78.15465054193088
158 79.12756898954554 79.04558549986999
159 79.4355474534444 79.52877703854976
160 80.40229943502595 80.36161904454241
161 81.54654987385331 81.54239650352667
162 82.06582094860289 82.0960196689386
163 82.7468611342905 82.75783258357139
164 83.83110591958601 83.82873034817223
165 84.97558933478979 84.94110064735439
166 85.41396099002456 85.63446592143717
167 86.1885199454004 85.98204484215755
168 87.26698900628905 87.2367425388997
169 88.42096929643459 88.45766816022704
170 89.47661446196368 89.45060334960849
171 90.34433809106993 90.41882845959752
172 90.72839942591285 90.80048581529992
173 91.88831815679318 92.21656399085822
174 92.96294734760228 92.89065848731708
175 94.13151429939842 93.76661964444986
176 95.2144201867863 95.21988061033989
177 96.39530471570347 96.44784581073516
178 97.44897091365172 97.32850206442363
179 98.66599156312706 98.8164679046747
180 99.64792695560124 99.52829144570326
181 100.94769248102068 101.16141676881534
182 101.79186934851971 101.52356355570743
183 103.25169692623427 103.37247019452408
184 103.91428030003951 103.78777451875872
185 105.6038489470143 105.61115664276514
186 106.13522639243693 106.10231541492054
187 108.05269556479091 108.05459291596407
188 108.53422288084889 108.5309093726524
189 110.64420095434166 110.6447059513612
190 111.113664991536 111.11284940228502
191 113.40950237613585 113.4094764668501
192 113.876869195209 113.87653465869306
193 116.38268999999407 116.38262788314218
194 116.84992813039194 116.849741691965
195 119.61624415109566 119.61614440414036
196 120.08352600219523 120.08338256118945
197 123.19983600909511 123.19970948724185
198 123.66696676391238 123.66682784317783
199 127.30879917988756 127.30864639371741
200 127.77550470675838 127.77535454236296
201 132.40105866860625 132.4008713796428
202 132.8669803714319 132.86680725466215
