0.0 1.0 0.0
0.05 0.7059872336562498 0.6753540469918695
0.1 -0.0004841071530642 0.9562990932023466
0.15000000000000002 -0.6993228578960485 0.6813554075853069
0.2 -0.9797445878539774 0.015907401204312
0.25 -0.6851611054067027 -0.6481844139182965
0.3 -0.0009570968375447 -0.925901336869643
0.35 0.6639263238763593 -0.6648719891325099
0.39999999999999997 0.92455006988989 -0.0296041928211691
0.44999999999999996 0.644786769603896 0.6028151849137906
0.49999999999999994 0.007156258456248 0.8688866692306636
0.5499999999999999 -0.606773779681706 0.6294780970907659
0.6 -0.8464915394655372 0.0418446328468818
0.65 -0.593364286225894 -0.5436223566729622
0.7000000000000001 -0.0169847806380438 -0.7937989116901043
0.7500000000000001 0.537642252672339 -0.5830025174898787
0.8000000000000002 0.7572819823743289 -0.0541416726945151
0.8500000000000002 0.5372606592652905 0.477124264968953
0.9000000000000002 0.0283846659231744 0.7111945642744023
0.9500000000000003 -0.4646046830738053 0.5330966085835468
1.0000000000000002 -0.6654858055403887 0.0664469410882553
1.0500000000000003 -0.4807502617251065 -0.4103915994901002
1.1000000000000003 -0.0399497953053256 -0.6298879563478597
1.1500000000000004 0.3927127573141213 -0.4844990885824842
1.2000000000000004 0.5763629975948715 -0.0770773894543851
1.2500000000000004 0.4267408203934916 0.3492563563429006
1.3000000000000005 0.0515595421183006 0.5551709005686623
1.3500000000000005 -0.3243362306216096 0.4385042519247134
1.4000000000000006 -0.493194208386281 0.0834422139355698
1.4500000000000006 -0.3780076501156169 -0.2971279478613294
1.5000000000000007 -0.0641616999882242 -0.4881758596122588
1.5500000000000007 0.2610543878925398 -0.3935653849055592
1.6000000000000008 0.419303234708054 -0.0837035583982641
1.6500000000000008 0.3372819517813057 0.2536161698938346
1.7000000000000008 0.0776033152592868 0.4264575824161706
1.7500000000000009 -0.2058839904030932 0.3480148047768329
1.800000000000001 -0.3577732312225254 0.0793597148510256
1.850000000000001 -0.3046283259514092 -0.215030370644323
1.900000000000001 -0.0888259451837251 -0.3677734217707334
1.950000000000001 0.1617486173020657 -0.303509852350056
2.000000000000001 0.3081379859057424 -0.0744452801696837
2.0500000000000007 0.2765480890676671 0.1789114273737397
2.1000000000000005 0.0949898473120192 0.3134105723768216
2.1500000000000004 -0.1277923924620602 0.2633470774670928
2.2 -0.266705580383166 0.0708210572220103
2.25 -0.2502170876196742 -0.1462365435355356
2.3 -0.0967362405012082 -0.2654781946265568
2.3499999999999996 0.1008476306839636 -0.22832201494871
2.3999999999999995 0.2308823828766728 -0.0674821280832106
2.4499999999999993 0.2256702271667655 0.1182319810028101
2.499999999999999 0.0961280555425221 0.2238719212936321
2.549999999999999 -0.0789456528577488 0.1971531447138731
2.5999999999999988 -0.200262659503068 0.0634499567627948
2.6499999999999986 -0.2038497621873993 -0.0944435128414945
2.6999999999999984 -0.0942327423759199 -0.1870493058868413
2.7499999999999982 0.0617945469208337 -0.168635237484326
2.799999999999998 0.1752129956032999 -0.0590074510581488
2.849999999999998 0.1850172830914007 0.0732692792411264
2.8999999999999977 0.090714897749798 0.1534549360351822
2.9499999999999975 -0.0499734689440574 0.1426555053685651
2.9999999999999973 -0.1556780530858398 0.055658014409543
3.049999999999997 -0.1680565781645939 -0.0528984815032644
3.099999999999997 -0.0841358689457512 -0.1226752635813122
3.149999999999997 0.0437599189316767 -0.1206867576804718
3.1999999999999966 0.1399863259676318 -0.0553930549673764
3.2499999999999964 0.1504119290687323 0.0328771493656254
3.2999999999999963 0.073414172403337 0.0964415230916592
3.349999999999996 -0.0413076522985236 0.1049648151835416
3.399999999999996 -0.1246315811749595 0.0584670838488781
3.4499999999999957 -0.1301523351838144 -0.0155183167076916
3.4999999999999956 -0.0602991036991009 -0.0773513651806256
3.5499999999999954 0.0386257838690735 -0.0954330438102957
3.599999999999995 0.1072331799868962 -0.0618792489146374
3.649999999999995 0.1088750615853768 0.0037590222150153
3.699999999999995 0.0486863246965505 0.0650718419328404
3.7499999999999947 -0.0335040466064992 0.0886678577290545
3.7999999999999945 -0.0893039674685828 0.0626205057250888
3.8499999999999943 -0.0898796617485649 0.0028608197936598
3.899999999999994 -0.0401227138672422 -0.0563135281164548
3.949999999999994 0.0274080925106542 -0.0819971142154963
3.999999999999994 0.0732974610751376 -0.0610960599242534
4.049999999999994 0.0739208796559846 -0.0069529063641958
4.099999999999993 0.0332219291481434 0.0490708584247823
4.149999999999993 -0.0220153409569519 0.0756884342654134
4.199999999999993 -0.0593759184274102 0.0590292196408063
4.249999999999993 -0.0597177372570754 0.0097505635323722
4.299999999999993 -0.0267939727689526 -0.0435781134571556
4.3499999999999925 0.0171991201395693 -0.0707892319507998
4.399999999999992 0.0463238378008255 -0.0570049615406131
4.449999999999992 0.0462446110197971 -0.0108273929374934
4.499999999999992 0.0210323876678578 0.0406806616370151
4.549999999999992 -0.011710739882648 0.0675300473955774
4.599999999999992 -0.0330289803839219 0.0542268741663533
4.6499999999999915 -0.0336600052619674 0.0090451159571806
4.699999999999991 -0.0173519455198352 -0.0406384438255804
4.749999999999991 0.0041630670578482 -0.0647273599829365
4.799999999999991 0.0195842181038563 -0.048918238236757
4.849999999999991 0.0236944326146691 -0.0037530626303352
4.899999999999991 0.0175756153145586 0.0420020330979746
4.94999999999999 0.0054229683457123 0.0598368424213791
4.99999999999999 -0.0081696919403308 0.0398286142410009
5.04999999999999 -0.0187189452730195 -0.0034813162337833
5.09999999999999 -0.0217419397188961 -0.0415399255557682
5.14999999999999 -0.0143587188262996 -0.0510456582006012
5.1999999999999895 0.0016849225763487 -0.0285689246301261
5.249999999999989 0.0187778117077504 0.0089946836933915
5.299999999999989 0.026738636749067 0.0371684510877493
5.349999999999989 0.0194437168628038 0.0400154960875497
5.399999999999989 -8.98430001667e-5 0.0188408531689788
5.449999999999989 -0.0206043267592149 -0.0108835417997859
5.4999999999999885 -0.0294619064059154 -0.0306244197786843
5.549999999999988 -0.0208270895620921 -0.030044026683184
5.599999999999988 0.0004357944497238 -0.0119267834008663
5.649999999999988 0.0216543059333342 0.0110243881238162
5.699999999999988 0.0300474624571225 0.0246501891313079
5.749999999999988 0.0204565729426403 0.0217603770219091
5.799999999999987 -0.0014471188926937 0.0057867898478515
5.849999999999987 -0.02236140946569 -0.012083969568555
5.899999999999987 -0.0292641066076922 -0.0202472864382119
5.949999999999987 -0.0175820387049056 -0.0139203287427239
5.999999999999987 0.0053575671350566 0.0020675491717942
6.0499999999999865 0.0242767600584457 0.0165039922913035
6.099999999999986 0.0256752225372394 0.0189791869051997
6.149999999999986 0.0076117398811231 0.0066574134034151
6.199999999999986 -0.0173370048331881 -0.0134319129970492
6.249999999999986 -0.0294098894879166 -0.0280461562956586
6.299999999999986 -0.0159463178216282 -0.0254551665168315
6.349999999999985 0.0168317076135578 -0.0031089175993253
6.399999999999985 0.0444680572545572 0.0290481118081875
6.449999999999985 0.0400197589803014 0.0520411785662555
6.499999999999985 -0.0038984608891073 0.0474440799424293
6.549999999999985 -0.0631247413295944 0.0091539670804549
6.5999999999999845 -0.0926268645671975 -0.0488256211183586
6.649999999999984 -0.0573294960909502 -0.0946932075906746
6.699999999999984 0.03650686654503 -0.0936333415114719
6.749999999999984 0.1344214040705136 -0.0302501679937225
6.799999999999984 0.1630237627972406 0.073792469162404
6.849999999999984 0.0812317433568283 0.1615823097429238
6.8999999999999835 -0.0808700874058896 0.1687247299185163
6.949999999999983 -0.2275564037105077 0.0663830103275498
6.999999999999983 -0.2523063766079092 -0.1071177370226779
7.049999999999983 -0.111454820246022 -0.2536596816241164
7.099999999999983 0.1327904424749497 -0.2682162931722002
7.149999999999983 0.3357450857765416 -0.1108310019258184
7.199999999999982 0.3548023153073292 0.1503912961165521
7.249999999999982 0.1464942418639192 0.3633110404349487
7.299999999999982 -0.1885683676909679 0.3795639184568324
7.349999999999982 -0.4512493403886239 0.1558820520854165
7.399999999999982 -0.4619794301725921 -0.1997252114861518
7.4499999999999815 -0.1816459313914863 -0.4773431180856105
7.499999999999981 0.2454088994887632 -0.4897176107704257
7.549999999999981 0.5642599481949465 -0.1975122457143736
7.599999999999981 0.56265035251051 0.248295409794731
7.649999999999981 0.2117846394536589 0.5836860220204624
7.699999999999981 -0.2987676918109274 0.5894849883881881
7.7499999999999805 -0.663824139553228 0.2343895269725837
7.79999999999998 -0.6471460566106464 -0.2902665498195162
7.84999999999998 -0.234786192410563 -0.6741854600207595
7.89999999999998 0.3427913520551072 -0.6735681274264073
7.94999999999998 0.7411877023135648 -0.2662815970523458
7.99999999999998 0.7101387231849224 0.3222287748177024
8.04999999999998 0.2516966548064036 0.7448971878217687
8.09999999999998 -0.3721398243154494 0.7396892774523421
8.14999999999998 -0.7916239140747251 0.2927890621898198
8.199999999999982 -0.7511434258358551 -0.3436177797419918
8.249999999999982 -0.2658395526100265 -0.7949430451223086
8.299999999999983 0.3834797807941012 -0.7866792543364772
8.349999999999984 0.8153836301041039 -0.3125574615890422
8.399999999999984 0.7739863973240481 0.3552875206263868
8.449999999999985 0.2808616048356898 0.82400868741726
8.499999999999986 -0.3773821364645399 0.8133834959683138
8.549999999999986 -0.8175424363638291 0.324814886429843
8.599999999999987 -0.784086496956268 -0.3569103253855232
8.649999999999988 -0.2975592004351779 -0.8315257859675336
8.699999999999989 0.3587260781070076 -0.8205395543809739
8.74999999999999 0.8046376817594606 -0.3316724184708073
8.79999999999999 0.7842450142514493 0.3471925861071432
8.84999999999999 0.313154698975537 0.8193489247188048
8.899999999999991 -0.3328831469386101 0.8125835328896109
8.949999999999992 -0.7801770169650006 0.3364044459481528
8.999999999999993 -0.7743130032614494 -0.3274857648445632
9.049999999999994 -0.3254204864518483 -0.792875536600472
9.099999999999994 0.3018877774338735 -0.7944986272203388
9.149999999999995 0.7454042087055504 -0.339420311949806
9.199999999999996 0.7553422760087599 0.3019641689017715
9.249999999999996 0.3351145769856715 0.7570894465249747
9.299999999999997 -0.2664222461179336 0.7683053445828054
9.349999999999998 -0.7029517958490442 0.3390862453772014
9.399999999999999 -0.7304661426694874 -0.2738043212955697
9.45 -0.3434058274672489 -0.7142714399968073
9.5 0.228477941508505 -0.7344767998784002
9.55 0.656687901549415 -0.3346370842831248
9.600000000000001 0.7026503326229641 0.2440645580066246
9.650000000000002 0.3502407973954033 0.665298814754546
9.700000000000003 -0.1910336986366353 0.6937682206513851
9.750000000000004 -0.6103155901413742 0.3268141113891132
9.800000000000004 -0.6736204398227212 -0.2123412441460002
9.850000000000005 -0.3541828874922968 -0.6107882932711017
9.900000000000006 0.1574034133992796 -0.6481000151613834
9.950000000000006 0.5662705242306437 -0.3179412011529638
10.000000000000007 0.6430259050118909 0.1777546930858571
