0.0 0.0 0.999999996749835
8.2 0.0 1.0042763477559544
16.4 0.0 1.004261718679276
24.599999999999998 0.0 1.0042500973178397
32.8 0.0 1.004239830848752
41.0 0.0 1.0042304810353804
49.199999999999996 0.0 1.004221785144538
57.39999999999999 0.0 1.004213539082403
65.6 0.0 1.004205665278946
73.8 0.0 1.0041981645582243
82.0 0.0003342494936116047 1.0048784894713998
90.19999999999999 0.001506142919137421 1.0072236066916733
98.39999999999999 0.002754734907362444 1.009686948694287
106.6 0.004033468705147758 1.0122380370441877
114.79999999999998 0.005304819810556527 1.014774482477051
122.99999999999999 0.006546707511386529 1.0172839870534063
131.2 0.007755969822580866 1.0196719973803428
139.39999999999998 0.008948349406340483 1.022098687097179
147.6 0.010155046425377456 1.0244521902118382
155.79999999999998 0.011416526371727187 1.0270082177384925
164.0 0.012774738698182908 1.0296808312362626
172.2 0.014265131282475085 1.0327326995195873
180.39999999999998 0.01590991890891358 1.035940906935672
188.6 0.017713787592278596 1.0395435477124566
196.79999999999998 0.019662833786811884 1.043667791651002
204.99999999999997 0.021726897827267333 1.047559841675984
213.2 0.023864840479341343 1.0518309599125368
221.39999999999998 0.02603173458299146 1.0561599929641377
229.59999999999997 0.028186577790043632 1.0604649943250362
237.79999999999998 0.030299044778411943 1.0646852453412665
245.99999999999997 0.03235407169909266 1.0687907510343755
254.2 0.03435350439520768 1.072785108889622
262.4 0.036314684862909896 1.0767029362921658
270.59999999999997 0.03826641177929968 1.080601975758066
278.79999999999995 0.04024314875855062 1.0845510606253475
287.0 0.042278609882597795 1.0886176652790114
295.2 0.04439982423448363 1.0928963808741354
303.4 0.04662264209190359 1.0973291633099327
311.59999999999997 0.048949313418682916 1.1019463713914222
319.79999999999995 0.05136842025263322 1.1067805150473031
328.0 0.05385704540633185 1.1117537650899951
336.2 0.05638468341781078 1.1168050505858997
344.4 0.05891815930287159 1.1218681543406812
352.59999999999997 0.06142667665694468 1.1268813483672377
360.79999999999995 0.06388613680958333 1.1317965975822923
368.99999999999994 0.06628205827199585 1.136584869098724
377.2 0.0686107588085556 1.1412388192160157
385.4 0.07087872929404959 1.1457713869498374
393.59999999999997 0.07310054897752183 1.1502118469613225
401.79999999999995 0.07529579749416815 1.1545993114059885
409.99999999999994 0.0774856242178199 1.1589761641374243
418.2 0.07968950524506102 1.1633813784543652
426.4 0.0819226708920513 1.1678454353610646
434.59999999999997 0.08419446320949486 1.172387079096388
442.79999999999995 0.08650770759954085 1.1770120678937492
450.99999999999994 0.0888590336466426 1.1817136132854413
459.19999999999993 0.09123993885367154 1.186475029537029
467.4 0.09363835412017929 1.1912721362226457
475.59999999999997 0.0960404085287605 1.1960773199536172
483.79999999999995 0.09843217188159059 1.2008630641193467
491.99999999999994 0.10080110449675006 1.2056043835452124
500.19999999999993 0.10313714247577455 1.2102813378336073
508.4 0.10543330310964105 1.2148803925178422
516.5999999999999 0.10768574598655523 1.2193942664283632
524.8 0.10989345001955897 1.223821315407906
533.0 0.11205748005536931 1.2281642142758173
541.1999999999999 0.1141798131091365 1.2324277443039273
549.4 0.11626209337177373 1.2366160358760525
557.5999999999999 0.11830413453891753 1.2407297003397042
565.8 0.12030208533103703 1.2447624292784774
574.0 0.1222468744055929 1.248697786417982
582.1999999999999 0.12412263074503693 1.2525059679295163
590.4 0.12590510077253247 1.2561410244369333
598.5999999999999 0.1275605787568863 1.2595388250422406
606.8 0.1290453049478586 1.2626158230231828
615.0 0.13030555657018894 1.2652690707274
623.1999999999999 0.13127779764395275 1.2673778397258704
631.4 0.13188971330457822 1.2688040620151506
639.5999999999999 0.1320635456047783 1.269401005584429
647.8 0.13171749964858215 1.2690167622986004
656.0 0.13077167717971783 1.2675041120674277
664.1999999999999 0.12915003238697764 1.2647281023459276
672.4 0.1267885032654017 1.260579860287918
680.5999999999999 0.12363736685465065 1.254986853691257
688.8 0.11967317333877237 1.247931716634763
696.9999999999999 0.11490498174426023 1.2394672379872853
