-7.5 0.0 -0.0
-7.4 0.0 -0.0
-7.3 0.0 0.0
-7.2 0.0 0.0
-7.1 0.0 0.0
-7.0 0.0 0.0
-6.9 0.0 0.0
-6.8 0.0 0.0
-6.7 0.0 0.0
-6.6 0.0 0.0
-6.5 0.0 0.0
-6.4 0.0 0.0
-6.3 0.0 0.0
-6.2 0.0 0.0
-6.1 0.0 0.0
-6.0 0.0 0.0
-5.9 0.0 0.0
-5.8 1.0e-8 0.0
-5.7 2.0e-8 0.0
-5.6 4.0e-8 0.0
-5.5 9.0e-8 0.0
-5.4 2.0e-7 0.0
-5.3 4.1e-7 0.0
-5.2 8.2e-7 0.0
-5.1 1.65e-6 0.0
-5.0 3.23e-6 0.0
-4.9 6.23e-6 0.0
-4.8 1.179e-5 0.0
-4.7 2.194e-5 0.0
-4.6 4.01e-5 0.0
-4.5 7.199e-5 0.0
-4.4 0.00012695 0.0
-4.3 0.00021986 0.0
-4.2 0.00037393 1.0e-8
-4.1 0.00062453 4.0e-8
-4.0 0.0010242 1.1e-7
-3.9 0.00164903 3.2e-7
-3.8 0.00260638 8.7e-7
-3.7 0.00404346 2.29e-6
-3.6 0.00615611 5.81e-6
-3.5 0.00919645 1.423e-5
-3.4 0.01347743 3.362e-5
-3.3 0.01937169 7.669e-5
-3.2 0.02730163 0.00016885
-3.1 0.03771726 0.00035888
-3.0 0.0510592 0.00073642
-2.9 0.06770475 0.00145884
-2.8 0.08789777 0.00278964
-2.7 0.11166595 0.00514832
-2.6 0.138733 0.00916738
-2.5 0.16843779 0.01574456
-2.4 0.19967616 0.02606872
-2.3 0.23088334 0.04158714
-2.2 0.26007471 0.06387515
-2.1 0.28495821 0.09437277
-2.0 0.30312411 0.1339735
-1.9 0.31230502 0.18249333
-1.8 0.31068506 0.23811084
-1.7 0.29722157 0.29693776
-1.6 0.2719308 0.35292948
-1.5 0.23608275 0.39834174
-1.4 0.19225347 0.42485499
-1.3 0.14419682 0.42531207
-1.2 0.0965218 0.39577705
-1.1 0.05419388 0.33739191
-1.0 0.02191285 0.25738215
-0.9 0.00345064 0.16863536
-0.8 0.00105214 0.08758947
-0.7 0.01500481 0.0306728
-0.6 0.04346588 0.01009214
-0.5 0.08260039 0.03015959
-0.4 0.1270331 0.08539404
-0.3 0.17056265 0.16123774
-0.2 0.20703641 0.23746828
-0.1 0.23125053 0.29349733
0.0 0.23972887 0.31405038
0.1 0.23125053 0.29349733
0.2 0.20703641 0.23746828
0.3 0.17056265 0.16123774
0.4 0.1270331 0.08539404
0.5 0.08260039 0.03015959
0.6 0.04346588 0.01009214
0.7 0.01500481 0.0306728
0.8 0.00105214 0.08758947
0.9 0.00345064 0.16863536
1.0 0.02191285 0.25738215
1.1 0.05419388 0.33739191
1.2 0.0965218 0.39577705
1.3 0.14419682 0.42531207
1.4 0.19225347 0.42485499
1.5 0.23608275 0.39834174
1.6 0.2719308 0.35292948
1.7 0.29722157 0.29693776
1.8 0.31068506 0.23811084
1.9 0.31230502 0.18249333
2.0 0.30312411 0.1339735
2.1 0.28495821 0.09437277
2.2 0.26007471 0.06387515
2.3 0.23088334 0.04158714
2.4 0.19967616 0.02606872
2.5 0.16843779 0.01574456
2.6 0.138733 0.00916738
2.7 0.11166595 0.00514832
2.8 0.08789777 0.00278964
2.9 0.06770475 0.00145884
3.0 0.0510592 0.00073642
3.1 0.03771726 0.00035888
3.2 0.02730163 0.00016885
3.3 0.01937169 7.669e-5
3.4 0.01347743 3.362e-5
3.5 0.00919645 1.423e-5
3.6 0.00615611 5.81e-6
3.7 0.00404346 2.29e-6
3.8 0.00260638 8.7e-7
3.9 0.00164903 3.2e-7
4.0 0.0010242 1.1e-7
4.1 0.00062453 4.0e-8
4.2 0.00037393 1.0e-8
4.3 0.00021986 0.0
4.4 0.00012695 0.0
4.5 7.199e-5 0.0
4.6 4.01e-5 0.0
4.7 2.194e-5 0.0
4.8 1.179e-5 0.0
4.9 6.23e-6 0.0
5.0 3.23e-6 0.0
5.1 1.65e-6 0.0
5.2 8.2e-7 0.0
5.3 4.1e-7 0.0
5.4 2.0e-7 0.0
5.5 9.0e-8 0.0
5.6 4.0e-8 0.0
5.7 2.0e-8 0.0
5.8 1.0e-8 0.0
5.9 0.0 0.0
6.0 0.0 0.0
6.1 0.0 0.0
6.2 0.0 0.0
6.3 0.0 0.0
6.4 0.0 0.0
6.5 0.0 0.0
6.6 0.0 0.0
6.7 0.0 0.0
6.8 0.0 0.0
6.9 0.0 0.0
7.0 0.0 0.0
7.1 0.0 0.0
7.2 0.0 0.0
7.3 0.0 0.0
7.4 0.0 -0.0
7.5 0.0 -0.0
