0.0 -3.2811742626259743e-6
8.2 0.0042736199462249935
16.4 0.004259512539144916
24.599999999999998 0.004248082385438945
32.8 0.004238258896336333
41.0 0.004228973259102542
49.199999999999996 0.004223160372140322
57.39999999999999 0.004218014391469849
65.6 0.004209841081833643
73.8 0.0042055795405602225
82.0 0.004210785588923072
90.19999999999999 0.004207209700143322
98.39999999999999 0.0042280895767223825
106.6 0.004197454872410411
114.79999999999998 0.004194060747823913
122.99999999999999 0.004192940274340362
131.2 0.004194567191419862
139.39999999999998 0.004197405897087503
147.6 0.0042052155306064876
155.79999999999998 0.004206704241582315
164.0 0.004193469386092774
172.2 0.004198556070008408
180.39999999999998 0.004233722350869051
188.6 0.0042494366060683575
196.79999999999998 0.004274268455967345
204.99999999999997 0.004283038739351097
213.2 0.004296192986806835
221.39999999999998 0.004307169837105551
229.59999999999997 0.004348284231433963
237.79999999999998 0.00440043517068478
245.99999999999997 0.00445629440202544
254.2 0.0045036896870831455
262.4 0.004546786701610239
270.59999999999997 0.004607472183317807
278.79999999999995 0.0046669786322279805
287.0 0.004725466085748087
295.2 0.004825819578124557
303.4 0.004908224162611052
311.59999999999997 0.005047816304285968
319.79999999999995 0.005161477224988387
328.0 0.0053170432132199075
336.2 0.005434795923847657
344.4 0.005611043290784323
352.59999999999997 0.00581127438202933
360.79999999999995 0.006003876690685361
368.99999999999994 0.006238153408285596
377.2 0.006512588935117858
385.4 0.006786137457629016
393.59999999999997 0.0071206426196877
401.79999999999995 0.007465241767565134
409.99999999999994 0.007871828344834242
418.2 0.008328353702890645
426.4 0.008840191760666638
434.59999999999997 0.009418172513459444
442.79999999999995 0.010012704959165841
450.99999999999994 0.010831594192501237
459.19999999999993 0.011581330699986792
467.4 0.012543823385714248
475.59999999999997 0.013738331409452131
483.79999999999995 0.015265351518506165
491.99999999999994 0.017100079243092425
500.19999999999993 0.01962978376832658
508.4 0.022984074925012754
516.5999999999999 0.027433236701013053
524.8 0.033275200006919414
533.0 0.04074375032378397
541.1999999999999 0.05040975844549611
549.4 0.0624805736699392
557.5999999999999 0.07743945395588958
565.8 0.09556865610439624
574.0 0.1174690413498416
582.1999999999999 0.14352683481390138
590.4 0.17427523433333048
598.5999999999999 0.21010240651275836
606.8 0.2514229082882362
615.0 0.2986985364985866
623.1999999999999 0.3522786712727093
631.4 0.41234591074272053
639.5999999999999 0.4791576016972323
647.8 0.5527208942239497
656.0 0.6329632913767749
664.1999999999999 0.7197247897298928
672.4 0.8127001208006603
680.5999999999999 0.9117883483258307
688.8 1.0161364390773375
696.9999999999999 1.1253603319109171
