0.0 -2.38e-6
5.2 -1.07e-6
10.4 0.00124343
15.600000000000001 3.018e-5
20.8 -9.9e-7
26.0 4.408e-5
31.200000000000003 0.00014899
36.4 0.00023585
41.6 0.00053059
46.800000000000004 0.00032369
52.0 0.00050329
57.2 0.00091343
62.400000000000006 0.0008887
67.60000000000001 0.00133746
72.8 0.00067597
78.0 0.00121912
83.2 0.00142468
88.4 0.00146187
93.60000000000001 0.00144779
98.8 0.00032339
104.0 0.00132589
109.2 0.00153776
114.4 0.00149294
119.60000000000001 0.00109439
124.80000000000001 -2.666e-5
130.0 0.00108435
135.20000000000002 0.00107245
140.4 0.00103816
145.6 0.00078853
150.8 0.00236588
156.0 0.00146983
161.20000000000002 0.00105157
166.4 0.00131474
171.6 0.00121278
176.8 0.00139587
182.0 0.00151984
187.20000000000002 0.00085215
192.4 0.00100995
197.6 0.00085856
202.8 0.00080491
208.0 0.00062343
213.20000000000002 0.00027015
218.4 0.00045647
223.6 0.00034739
228.8 0.0002361
234.0 2.019e-5
239.20000000000002 7.217e-5
244.4 1.206e-5
249.60000000000002 6.333e-5
254.8 1.518e-5
260.0 1.343e-5
265.2 2.833e-5
270.40000000000003 1.573e-5
275.6 1.418e-5
280.8 2.177e-5
286.0 7.63e-6
291.2 7.298e-5
296.40000000000003 2.342e-5
301.6 0.00018262
306.8 0.00028266
312.0 0.00044688
317.2 0.00055023
322.40000000000003 0.00017209
327.6 0.00109045
332.8 0.00123495
338.0 0.00151708
343.2 0.00144491
348.40000000000003 0.00049013
353.6 0.00193519
358.8 0.0017054
364.0 0.00186711
369.2 0.0014542
374.40000000000003 0.00080534
379.6 0.00189745
384.8 0.00131201
390.0 0.00143831
395.2 0.00112425
400.40000000000003 0.00092184
405.6 0.00143513
410.8 0.00075772
416.0 0.00093474
421.2 0.00078782
426.40000000000003 0.00084297
431.6 0.00055357
436.8 0.00026688
442.0 0.00089895
447.2 0.00087544
452.40000000000003 0.0009
457.6 0.00012293
462.8 0.00014666
468.0 0.00067721
473.2 0.00053471
478.40000000000003 0.00040422
483.6 7.59e-6
488.8 5.3e-7
494.0 0.00014594
499.20000000000005 0.00010738
