0 -2.38e-6
0.05 -2.441e-5
0.1 -2.18e-5
0.15000000000000002 -2.164e-5
0.2 -1.07e-6
0.25 -1.722e-5
0.3 -2.05e-6
0.35 -3.92e-6
0.39999999999999997 -3.82e-6
0.44999999999999996 -2.65e-6
0.49999999999999994 -3.61e-6
0.5499999999999999 -1.095e-5
0.6 -4.74e-6
0.65 -4.28e-6
0.7000000000000001 -4.13e-6
0.7500000000000001 -3.54e-6
0.8000000000000002 -3.86e-6
0.8500000000000002 -3.76e-6
0.9000000000000002 7.5e-6
0.9500000000000003 8.53e-6
1.0000000000000002 1.24e-6
1.0500000000000003 8.92e-6
1.1000000000000003 -0.00014376
1.1500000000000004 1.105e-5
1.2000000000000004 6.06e-6
1.2500000000000004 -4.33e-6
1.3000000000000005 1.283e-5
1.3500000000000005 -5.266e-5
1.4000000000000006 1.928e-5
1.4500000000000006 4.974e-5
1.5000000000000007 1.792e-5
1.5500000000000007 1.909e-5
1.6000000000000008 1.781e-5
1.6500000000000008 2.455e-5
1.7000000000000008 3.112e-5
1.7500000000000009 7.0e-6
1.800000000000001 2.808e-5
1.850000000000001 1.347e-5
1.900000000000001 3.878e-5
1.950000000000001 2.06e-6
2.000000000000001 2.805e-5
2.0500000000000007 2.142e-5
2.1000000000000005 2.58e-5
2.1500000000000004 1.582e-5
2.2 -1.34e-6
2.25 1.287e-5
2.3 -8.212e-5
2.3499999999999996 7.87e-6
2.3999999999999995 0.00092254
2.4499999999999993 -7.96e-6
2.499999999999999 1.072e-5
2.549999999999999 -8.341e-5
2.5999999999999988 9.01e-6
2.6499999999999986 9.87e-6
2.6999999999999984 1.28e-5
2.7499999999999982 1.625e-5
2.799999999999998 -0.00020562
2.849999999999998 8.83e-6
2.8999999999999977 5.78e-6
2.9499999999999975 2.86e-6
2.9999999999999973 2.593e-5
3.049999999999997 6.3e-7
3.099999999999997 2.138e-5
3.149999999999997 1.577e-5
3.1999999999999966 2.55e-6
3.2499999999999964 -8.087e-5
3.2999999999999963 -7.795e-5
3.349999999999996 -6.266e-5
3.399999999999996 -6.2e-7
3.4499999999999957 9.73e-6
3.4999999999999956 8.58e-6
3.5499999999999954 -3.47e-6
3.599999999999995 -2.57e-6
3.649999999999995 -4.07e-6
3.699999999999995 -3.33e-6
3.7499999999999947 -2.06e-6
3.7999999999999945 -7.25e-6
3.8499999999999943 -2.55e-6
3.899999999999994 -5.52e-6
3.949999999999994 -2.1e-6
3.999999999999994 -2.17e-6
4.049999999999994 -1.14e-6
4.099999999999993 4.4e-7
4.149999999999993 -2.36e-6
4.199999999999993 1.93e-6
4.249999999999993 -2.345e-5
4.299999999999993 -2.111e-5
4.3499999999999925 -1.47e-6
4.399999999999992 -2.07e-6
4.449999999999992 -2.5e-5
4.499999999999992 -1.39e-6
4.549999999999992 -1.923e-5
4.599999999999992 -1.794e-5
4.6499999999999915 -1.316e-5
4.699999999999991 -3.08e-6
4.749999999999991 -3.44e-6
4.799999999999991 -4.99e-6
4.849999999999991 -8.93e-6
4.899999999999991 -4.91e-6
4.94999999999999 -4.48e-6
4.99999999999999 -4.53e-6
5.04999999999999 -2.335e-5
5.09999999999999 -2.671e-5
5.14999999999999 -4.76e-6
5.1999999999999895 -2.237e-5
5.249999999999989 3.46e-6
5.299999999999989 2.95e-6
5.349999999999989 4.58e-6
5.399999999999989 -3.0e-6
5.449999999999989 2.221e-5
5.4999999999999885 -5.472e-5
5.549999999999988 8.62e-6
5.599999999999988 2.546e-5
5.649999999999988 -2.7e-7
5.699999999999988 3.307e-5
5.749999999999988 -5.162e-5
5.799999999999987 2.203e-5
5.849999999999987 8.0e-7
5.899999999999987 1.949e-5
5.949999999999987 9.61e-6
5.999999999999987 -1.25e-5
6.0499999999999865 2.974e-5
6.099999999999986 4.807e-5
6.149999999999986 4.205e-5
6.199999999999986 3.975e-5
6.249999999999986 5.965e-5
6.299999999999986 2.907e-5
6.349999999999985 6.14e-5
6.399999999999985 6.965e-5
6.449999999999985 0.00011552
6.499999999999985 5.788e-5
6.549999999999985 0.00010037
6.5999999999999845 5.551e-5
6.649999999999984 0.00294338
6.699999999999984 8.824e-5
6.749999999999984 1.9e-5
6.799999999999984 0.00010334
6.849999999999984 7.263e-5
6.8999999999999835 5.555e-5
6.949999999999983 8.282e-5
6.999999999999983 2.256e-5
7.049999999999983 1.182e-5
7.099999999999983 0.0008068
7.149999999999983 4.249e-5
7.199999999999982 3.774e-5
7.249999999999982 2.874e-5
7.299999999999982 1.722e-5
7.349999999999982 1.923e-5
7.399999999999982 9.39e-6
7.4499999999999815 3.14e-6
7.499999999999981 7.55e-6
7.549999999999981 3.008e-5
7.599999999999981 8.83e-6
7.649999999999981 -5.83e-6
7.699999999999981 -2.11e-6
7.7499999999999805 3.16e-6
7.79999999999998 0.00169438
7.84999999999998 1.115e-5
7.89999999999998 8.85e-6
7.94999999999998 6.7e-6
7.99999999999998 4.93e-6
8.04999999999998 1.75e-6
8.09999999999998 -5.32e-6
8.14999999999998 -1.18e-6
8.199999999999982 -3.08e-6
8.249999999999982 -1.44e-6
8.299999999999983 -2.39e-6
8.349999999999984 -7.6e-7
8.399999999999984 -6.0e-8
8.449999999999985 -1.22e-6
8.499999999999986 1.24e-6
8.549999999999986 -1.0e-6
8.599999999999987 1.15e-6
8.649999999999988 -2.381e-5
8.699999999999989 -2.472e-5
8.74999999999999 -2.555e-5
8.79999999999999 -2.59e-6
8.84999999999999 9.3e-7
8.899999999999991 -3.92e-6
8.949999999999992 -1.424e-5
8.999999999999993 -0.00015779
9.049999999999994 -8.53e-6
9.099999999999994 -3.57e-6
9.149999999999995 -6.39e-6
9.199999999999996 -6.96e-6
9.249999999999996 -2.34e-6
9.299999999999997 2.153e-5
9.349999999999998 -1.583e-5
9.399999999999999 -1.64e-6
9.45 1.4e-7
9.5 -7.11e-6
9.55 -4.146e-5
9.600000000000001 -2.15e-6
9.650000000000002 -0.00018748
9.700000000000003 -5.85e-6
9.750000000000004 -6.2e-6
9.800000000000004 -0.00010212
9.850000000000005 1.531e-5
9.900000000000006 -6.04e-6
9.950000000000006 -9.664e-5
10.000000000000007 1.83e-6
10.050000000000008 2.061e-5
10.100000000000009 1.013e-5
10.15000000000001 -1.424e-5
10.20000000000001 1.065e-5
10.25000000000001 -1.54e-6
10.300000000000011 1.483e-5
10.350000000000012 1.066e-5
10.400000000000013 -1.19e-5
10.450000000000014 2.073e-5
10.500000000000014 -0.00012375
10.550000000000015 1.035e-5
10.600000000000016 0.00075074
10.650000000000016 4.74e-6
10.700000000000017 3.187e-5
10.750000000000018 5.78e-6
10.800000000000018 3.805e-5
10.85000000000002 1.176e-5
10.90000000000002 3.135e-5
10.95000000000002 6.643e-5
11.000000000000021 3.055e-5
11.050000000000022 6.435e-5
11.100000000000023 6.298e-5
11.150000000000023 2.072e-5
11.200000000000024 9.465e-5
11.250000000000025 5.25e-5
11.300000000000026 8.304e-5
11.350000000000026 0.00010487
11.400000000000027 5.157e-5
11.450000000000028 0.0001278
11.500000000000028 4.866e-5
11.55000000000003 7.325e-5
11.60000000000003 0.00012098
11.65000000000003 2.734e-5
11.700000000000031 9.355e-5
11.750000000000032 3.365e-5
11.800000000000033 4.647e-5
11.850000000000033 8.12e-5
11.900000000000034 1.057e-5
11.950000000000035 6.589e-5
12.000000000000036 3.57e-6
12.050000000000036 1.8e-7
12.100000000000037 2.831e-5
12.150000000000038 -3.84e-6
12.200000000000038 1.444e-5
12.250000000000039 1.162e-5
12.30000000000004 6.88e-6
12.35000000000004 7.35e-6
12.400000000000041 -2.2e-6
12.450000000000042 -2.71e-6
12.500000000000043 -4.3e-7
12.550000000000043 -1.31e-6
12.600000000000044 1.74e-6
12.650000000000045 7.6e-7
12.700000000000045 1.99e-6
12.750000000000046 2.02e-6
12.800000000000047 1.31e-6
12.850000000000048 3.98e-6
12.900000000000048 8.4e-7
12.950000000000049 2.36e-6
13.00000000000005 4.174e-5
13.05000000000005 -2.206e-5
13.100000000000051 -2.005e-5
13.150000000000052 4.2e-6
13.200000000000053 4.13e-6
13.250000000000053 -1.248e-5
13.300000000000054 -9.9e-6
13.350000000000055 -5.82e-6
13.400000000000055 5.37e-6
13.450000000000056 5.02e-6
13.500000000000057 3.03e-6
13.550000000000058 -3.02e-6
13.600000000000058 1.5e-7
13.650000000000059 -5.99e-6
13.70000000000006 3.38e-6
13.75000000000006 1.24e-6
13.800000000000061 -4.8e-7
13.850000000000062 2.88e-6
13.900000000000063 5.65e-6
13.950000000000063 -9.75e-6
14.000000000000064 6.18e-6
14.050000000000065 4.27e-6
14.100000000000065 2.59e-6
14.150000000000066 -6.18e-6
14.200000000000067 -1.494e-5
14.250000000000068 1.001e-5
14.300000000000068 -0.00014224
14.350000000000069 1.568e-5
14.40000000000007 7.36e-6
14.45000000000007 0.00394973
14.500000000000071 8.9e-6
14.550000000000072 7.11e-6
14.600000000000072 2.35e-6
14.650000000000073 7.67e-6
14.700000000000074 1.574e-5
14.750000000000075 6.25e-6
14.800000000000075 0.00185307
14.850000000000076 1.828e-5
14.900000000000077 2.077e-5
14.950000000000077 4.386e-5
15.000000000000078 1.82e-6
15.050000000000079 3.314e-5
15.10000000000008 0.00084406
15.15000000000008 1.93e-5
15.200000000000081 7.146e-5
15.250000000000082 -0.00011432
15.300000000000082 3.138e-5
15.350000000000083 0.00058689
15.400000000000084 0.00041578
15.450000000000085 6.788e-5
15.500000000000085 -1.42e-5
15.550000000000086 1.748e-5
15.600000000000087 0.00038097
15.650000000000087 0.0003184
15.700000000000088 7.741e-5
15.750000000000089 1.623e-5
15.80000000000009 2.461e-5
15.85000000000009 0.00012452
15.900000000000091 1.641e-5
15.950000000000092 4.864e-5
16.000000000000092 8.281e-5
16.050000000000093 3.352e-5
16.100000000000094 0.00010454
16.150000000000095 -2.253e-5
16.200000000000095 -2.118e-5
16.250000000000096 0.00011546
16.300000000000097 0.00168302
16.350000000000097 4.095e-5
16.400000000000098 2.846e-5
16.4500000000001 1.32e-6
16.5000000000001 9.54e-5
16.5500000000001 2.19e-6
16.6000000000001 1.956e-5
16.6500000000001 4.429e-5
16.700000000000102 1.007e-5
16.750000000000103 6.427e-5
16.800000000000104 1.236e-5
16.850000000000104 2.24e-6
16.900000000000105 3.856e-5
16.950000000000106 3.12e-6
17.000000000000107 3.735e-5
17.050000000000107 1.787e-5
17.100000000000108 7.458e-5
17.15000000000011 3.361e-5
17.20000000000011 1.262e-5
17.25000000000011 2.703e-5
17.30000000000011 4.376e-5
17.35000000000011 2.12e-5
17.400000000000112 2.71e-5
17.450000000000113 -3.58e-6
17.500000000000114 4.01e-6
17.550000000000114 2.236e-5
17.600000000000115 5.11e-6
17.650000000000116 1.586e-5
17.700000000000117 1.975e-5
17.750000000000117 3.54e-5
17.800000000000118 3.18e-5
17.85000000000012 3.03e-5
17.90000000000012 5.65e-6
17.95000000000012 4.964e-5
18.00000000000012 -0.00014005
18.05000000000012 -5.273e-5
18.100000000000122 2.552e-5
18.150000000000123 1.845e-5
18.200000000000124 1.883e-5
18.250000000000124 2.773e-5
18.300000000000125 3.526e-5
18.350000000000126 4.959e-5
18.400000000000126 4.126e-5
18.450000000000127 4.209e-5
18.500000000000128 2.67e-5
18.55000000000013 9.69e-6
18.60000000000013 4.287e-5
18.65000000000013 -0.00071176
18.70000000000013 -2.229e-5
18.75000000000013 5.105e-5
18.800000000000132 3.915e-5
18.850000000000133 3.638e-5
18.900000000000134 2.552e-5
18.950000000000134 8.569e-5
19.000000000000135 3.423e-5
19.050000000000136 4.211e-5
19.100000000000136 0.000107
19.150000000000137 0.00011721
19.200000000000138 9.194e-5
19.25000000000014 4.603e-5
19.30000000000014 7.35e-5
19.35000000000014 0.00018148
19.40000000000014 6.3e-5
19.45000000000014 0.00017039
19.500000000000142 9.819e-5
19.550000000000143 7.676e-5
19.600000000000144 0.00026911
19.650000000000144 4.537e-5
19.700000000000145 0.00018667
19.750000000000146 0.00015343
19.800000000000146 7.209e-5
19.850000000000147 0.00148605
19.900000000000148 2.984e-5
19.95000000000015 0.00016742
20.00000000000015 0.00029827
20.05000000000015 0.00010948
20.10000000000015 0.0002347
20.15000000000015 3.662e-5
20.200000000000152 0.00011643
20.250000000000153 0.00028469
20.300000000000153 2.606e-5
20.350000000000154 0.00023769
20.400000000000155 1.514e-5
20.450000000000156 2.279e-5
20.500000000000156 0.00026615
20.550000000000157 -3.047e-5
20.600000000000158 0.00011328
20.65000000000016 9.762e-5
20.70000000000016 -3.61e-6
20.75000000000016 0.00019294
20.80000000000016 2.344e-5
20.85000000000016 4.266e-5
20.900000000000162 0.0001524
20.950000000000163 2.637e-5
21.000000000000163 0.00013401
21.050000000000164 0.00010428
21.100000000000165 5.738e-5
21.150000000000166 0.00015649
21.200000000000166 8.231e-5
21.250000000000167 0.00011779
21.300000000000168 6.375e-5
21.35000000000017 8.201e-5
21.40000000000017 0.00012183
21.45000000000017 0.0001039
21.50000000000017 0.00010874
21.55000000000017 0.00011272
21.600000000000172 0.00010279
21.650000000000173 5.273e-5
21.700000000000173 0.00010699
21.750000000000174 0.00010751
21.800000000000175 0.00011103
21.850000000000176 9.564e-5
21.900000000000176 7.972e-5
21.950000000000177 7.939e-5
22.000000000000178 9.75e-5
22.05000000000018 0.000107
22.10000000000018 0.00010013
22.15000000000018 0.00011246
22.20000000000018 7.468e-5
22.25000000000018 3.076e-5
22.300000000000182 0.00010201
22.350000000000183 -2.239e-5
22.400000000000183 9.766e-5
22.450000000000184 0.00013919
22.500000000000185 9.07e-5
22.550000000000185 0.0001147
22.600000000000186 0.0001173
22.650000000000187 0.00012503
22.700000000000188 0.0001241
22.75000000000019 0.00012893
22.80000000000019 0.0001213
22.85000000000019 0.000105
22.90000000000019 9.076e-5
22.95000000000019 -1.97e-6
23.000000000000192 0.00015064
23.050000000000193 0.00011288
23.100000000000193 8.126e-5
23.150000000000194 0.00010451
23.200000000000195 6.156e-5
23.250000000000195 0.00013155
23.300000000000196 0.00010692
23.350000000000197 0.00198862
23.400000000000198 0.00016282
23.4500000000002 6.709e-5
23.5000000000002 0.00023554
23.5500000000002 8.18e-5
23.6000000000002 0.00175748
23.6500000000002 0.00017592
23.700000000000202 5.41e-5
23.750000000000203 0.00034273
23.800000000000203 4.036e-5
23.850000000000204 0.00027742
23.900000000000205 0.0002299
23.950000000000205 0.00010377
24.000000000000206 0.00045187
24.050000000000207 -2.553e-5
24.100000000000207 0.00027355
24.150000000000208 0.00039122
24.20000000000021 7.179e-5
24.25000000000021 0.0005963
24.30000000000021 4.404e-5
24.35000000000021 0.00027573
24.40000000000021 0.00063805
24.450000000000212 5.158e-5
24.500000000000213 0.00061807
24.550000000000214 9.68e-5
24.600000000000215 0.00019023
24.650000000000215 0.00070024
24.700000000000216 3.852e-5
24.750000000000217 0.00054807
24.800000000000217 0.00015468
24.850000000000218 6.892e-5
24.90000000000022 0.00064014
24.95000000000022 -1.65e-6
25.00000000000022 0.00034389
25.05000000000022 0.00020981
25.10000000000022 8.37e-6
25.150000000000222 0.00050693
25.200000000000223 3.67e-6
25.250000000000224 0.00019612
25.300000000000225 0.00024174
25.350000000000225 3.12e-6
25.400000000000226 0.00038466
25.450000000000227 7.411e-5
25.500000000000227 0.00018676
25.550000000000228 0.00026793
25.60000000000023 0.00012023
25.65000000000023 0.00036943
25.70000000000023 0.00017902
25.75000000000023 0.00023685
25.80000000000023 0.00027219
25.850000000000232 9.037e-5
25.900000000000233 0.00018349
25.950000000000234 0.00023365
26.000000000000234 0.0002584
26.050000000000235 0.00026923
26.100000000000236 0.00024587
26.150000000000237 0.00026634
26.200000000000237 0.00021612
26.250000000000238 0.0002526
26.30000000000024 0.00025465
26.35000000000024 0.0002465
26.40000000000024 0.00022747
26.45000000000024 0.00025519
26.50000000000024 0.00027063
26.550000000000242 0.00022385
26.600000000000243 0.0002552
26.650000000000244 0.00026506
26.700000000000244 0.00023608
26.750000000000245 0.00024189
26.800000000000246 0.0002577
26.850000000000247 0.00027409
26.900000000000247 0.0002849
26.950000000000248 0.00029254
27.00000000000025 0.0003013
27.05000000000025 0.00029934
27.10000000000025 0.00028821
27.15000000000025 0.00027703
27.20000000000025 0.00023463
27.250000000000252 0.00027411
27.300000000000253 0.00031308
27.350000000000254 0.00021303
27.400000000000254 0.00028019
27.450000000000255 0.00023715
27.500000000000256 0.0003073
27.550000000000257 0.0002951
27.600000000000257 0.00027803
27.650000000000258 0.00034691
27.70000000000026 0.00026066
27.75000000000026 0.00038616
27.80000000000026 0.00033191
27.85000000000026 0.00030971
27.90000000000026 0.00042004
27.950000000000262 0.00025255
28.000000000000263 0.00039874
28.050000000000264 0.00035947
28.100000000000264 0.00149242
28.150000000000265 0.0005597
28.200000000000266 0.00019556
28.250000000000266 0.00045033
28.300000000000267 0.00047629
28.350000000000268 0.00022018
28.40000000000027 0.00074158
28.45000000000027 0.00037812
28.50000000000027 0.00040378
28.55000000000027 0.000578
28.60000000000027 0.00010356
28.650000000000272 0.0007354
28.700000000000273 0.00013649
28.750000000000274 0.00027003
28.800000000000274 0.00084097
28.850000000000275 6.62e-6
28.900000000000276 5.07e-5
28.950000000000276 0.00030024
29.000000000000277 8.459e-5
29.050000000000278 0.00098474
29.10000000000028 -4.393e-5
29.15000000000028 0.00052192
29.20000000000028 0.00052187
29.25000000000028 -0.00012434
29.30000000000028 0.0006587
29.350000000000282 8.741e-5
29.400000000000283 0.00029014
29.450000000000284 0.00055367
29.500000000000284 1.014e-5
29.550000000000285 0.00061546
29.600000000000286 0.00025517
29.650000000000286 0.00018694
29.700000000000287 0.00068239
29.750000000000288 0.00010421
29.80000000000029 0.00060752
29.85000000000029 0.00037171
29.90000000000029 0.00027929
29.95000000000029 0.00059144
30.00000000000029 0.00028043
30.050000000000292 0.00053872
30.100000000000293 0.00040978
30.150000000000293 0.00037713
30.200000000000294 0.00054525
30.250000000000295 0.00035256
30.300000000000296 0.00051839
30.350000000000296 0.00043618
30.400000000000297 0.00044195
30.450000000000298 0.0005157
30.5000000000003 0.00042034
30.5500000000003 0.00047079
30.6000000000003 0.000457
30.6500000000003 0.00046052
30.7000000000003 0.00047806
30.750000000000302 0.00046426
30.800000000000303 0.01626378
30.850000000000303 0.00047884
30.900000000000304 0.00038952
30.950000000000305 0.00050736
31.000000000000306 0.00045762
31.050000000000306 0.00047479
31.100000000000307 0.00040861
31.150000000000308 0.0004667
31.20000000000031 0.00050308
31.25000000000031 0.00048842
31.30000000000031 0.00052883
31.35000000000031 0.00049382
31.40000000000031 0.00052881
31.450000000000312 0.00048948
31.500000000000313 0.0004725
31.550000000000313 0.00051593
31.600000000000314 0.00050112
31.650000000000315 0.00059333
31.700000000000315 0.00050792
31.750000000000316 0.0005173
31.800000000000317 0.00057484
31.850000000000318 0.00046865
31.90000000000032 0.00060434
31.95000000000032 0.00052169
32.00000000000032 0.00056726
32.05000000000032 0.00062502
32.100000000000314 0.00047853
32.15000000000031 0.00073857
32.20000000000031 0.00053359
32.250000000000306 0.00060736
32.3000000000003 0.00078111
32.3500000000003 0.00047038
32.4000000000003 0.00082871
32.450000000000294 0.0005313
32.50000000000029 0.00062774
32.55000000000029 0.000958
32.600000000000286 0.00042967
32.65000000000028 0.00097724
32.70000000000028 0.00061632
32.75000000000028 0.00060718
32.800000000000274 0.001201
32.85000000000027 0.00032268
32.90000000000027 0.00104088
32.950000000000266 0.00072214
33.00000000000026 0.00050587
33.05000000000026 0.001306
33.10000000000026 0.00034415
33.150000000000254 0.00089178
33.20000000000025 0.00099722
33.25000000000025 0.00031545
