0.0 -3.2811742649574427e-6
4.28 0.002432112184124202
8.56 0.0024277477346510423
12.84 0.0024242459053012144
17.12 0.0024217317113950365
21.400000000000002 0.002419535635754144
25.68 0.002416937817821818
29.96 0.0024157480004580734
34.24 0.0024140487995576443
38.52 0.0024137072758483313
42.800000000000004 0.0024138960013371236
47.080000000000005 0.0024095346834467346
51.36 0.0024123252267431727
55.64 0.002413429981154902
59.92 0.0024058892566265477
64.2 0.002411876565125981
68.48 0.0024117783877064536
72.76 0.00240745862691627
77.04 0.002422113986412233
81.32000000000001 0.0024173426343985227
85.60000000000001 0.00242253600525677
89.88000000000001 0.0024432405682008884
94.16000000000001 0.002423407178171688
98.44000000000001 0.0024528160055676818
102.72 0.002480224987378321
107.0 0.002372122509033625
111.28 0.002500938447343115
115.56 0.002557432435408069
119.84 0.002627937040381445
124.12 0.002737756494614274
128.4 0.0029651660410523473
132.68 0.003246751852608254
136.96 0.0038153774908784577
141.24 0.004569402500181452
145.52 0.005583083166602387
149.8 0.0071623977700185915
154.08 0.008686571311117719
158.36 0.01085336285444316
162.64000000000001 0.013592543851469685
166.92000000000002 0.016592243448296795
171.20000000000002 0.020567295796623863
175.48000000000002 0.02486730922378788
179.76000000000002 0.029710684924295627
184.04000000000002 0.035122934805407624
188.32000000000002 0.04104629656398662
192.60000000000002 0.04747243112920696
196.88000000000002 0.05431425991361061
201.16000000000003 0.06161121597034791
205.44 0.06926567590252786
209.72 0.07721401042793952
214.0 0.08542703742935931
