0.0 3.0e-7
0.01 2.9e-7
0.02 2.8e-7
0.03 2.6e-7
0.04 2.4e-7
0.05 -2.3e-7
0.060000000000000005 -1.03e-6
0.07 -1.06e-6
0.08 -2.1e-7
0.09 1.285e-5
0.09999999999999999 1.144e-5
0.10999999999999999 2.248e-5
0.11999999999999998 2.148e-5
0.12999999999999998 2.081e-5
0.13999999999999999 8.47e-6
0.15 -2.69e-6
0.16 -2.66e-6
0.17 -2.61e-6
0.18000000000000002 -3.48e-6
0.19000000000000003 -3.12e-6
0.20000000000000004 -1.284e-5
0.21000000000000005 0.00050955
0.22000000000000006 0.00049855
0.23000000000000007 0.00103769
0.24000000000000007 0.00050514
0.25000000000000006 0.00049718
0.26000000000000006 -3.1e-6
0.2700000000000001 -3.39e-6
0.2800000000000001 -3.36e-6
0.2900000000000001 -5.59e-6
0.3000000000000001 -7.5e-7
0.3100000000000001 2.4e-6
0.3200000000000001 2.6e-7
0.3300000000000001 -3.23e-6
0.34000000000000014 -4.15e-5
0.35000000000000014 -9.315e-5
0.36000000000000015 -8.663e-5
0.37000000000000016 -2.995e-5
0.38000000000000017 4.672e-5
0.3900000000000002 -1.7e-7
0.4000000000000002 -2.0e-7
0.4100000000000002 -4.0e-8
0.4200000000000002 2.0e-7
0.4300000000000002 6.1e-7
0.4400000000000002 -1.06e-6
0.45000000000000023 4.59e-6
0.46000000000000024 1.824e-5
0.47000000000000025 4.405e-5
0.48000000000000026 5.568e-5
0.49000000000000027 0.00012718
0.5000000000000002 0.00017799
0.5100000000000002 0.00023616
0.5200000000000002 0.00028645
0.5300000000000002 0.00031905
0.5400000000000003 0.00034976
0.5500000000000003 0.00036659
0.5600000000000003 0.00041818
0.5700000000000003 0.00039608
0.5800000000000003 0.00039549
0.5900000000000003 0.00039064
0.6000000000000003 0.00037058
0.6100000000000003 0.00033808
0.6200000000000003 0.00033647
0.6300000000000003 0.00031859
0.6400000000000003 0.00031808
0.6500000000000004 0.000317
0.6600000000000004 0.00028655
0.6700000000000004 0.00024661
0.6800000000000004 0.00022362
0.6900000000000004 0.00022333
0.7000000000000004 0.00021546
0.7100000000000004 0.00018684
0.7200000000000004 0.00018273
0.7300000000000004 0.00014688
0.7400000000000004 0.00015904
0.7500000000000004 0.00015531
0.7600000000000005 0.0001463
0.7700000000000005 -0.01594723
0.7800000000000005 0.00011441
0.7900000000000005 0.00012179
0.8000000000000005 0.0001295
0.8100000000000005 0.00013525
0.8200000000000005 0.00015347
0.8300000000000005 0.00020227
0.8400000000000005 0.0003071
0.8500000000000005 0.0004806
0.8600000000000005 0.00070033
0.8700000000000006 0.00096602
0.8800000000000006 0.00127938
0.8900000000000006 0.00163757
0.9000000000000006 0.00201757
0.9100000000000006 0.00242763
0.9200000000000006 0.00290378
0.9300000000000006 0.00325031
0.9400000000000006 0.00363878
0.9500000000000006 0.00404483
0.9600000000000006 0.00440483
0.9700000000000006 0.00473763
0.9800000000000006 0.00503277
0.9900000000000007 0.00524701
1.0000000000000007 0.005505
1.0100000000000007 0.00567621
1.0200000000000007 0.00584571
1.0300000000000007 0.00597289
1.0400000000000007 0.00608129
1.0500000000000007 0.00630391
1.0600000000000007 0.00650794
1.0700000000000007 0.00680953
1.0800000000000007 0.00722202
1.0900000000000007 0.00779369
1.1000000000000008 0.00857261
1.1100000000000008 0.0094474
1.1200000000000008 0.01039637
1.1300000000000008 0.01139658
1.1400000000000008 0.01247083
1.1500000000000008 0.01358237
1.1600000000000008 0.01476192
1.1700000000000008 0.01599117
1.1800000000000008 0.01726729
1.1900000000000008 0.01859911
1.2000000000000008 0.01998503
1.2100000000000009 0.02140369
1.2200000000000009 0.02288126
1.2300000000000009 0.02438644
1.2400000000000009 0.02593498
1.2500000000000009 0.02759773
1.260000000000001 0.02916717
1.270000000000001 0.03086014
1.280000000000001 0.03253772
1.290000000000001 0.0342656
1.300000000000001 0.03602999
1.310000000000001 0.03778875
1.320000000000001 0.03962676
1.330000000000001 0.0414531
1.340000000000001 0.04331214
1.350000000000001 0.04516686
1.360000000000001 0.04706144
1.370000000000001 0.04892827
1.380000000000001 0.05083466
1.390000000000001 0.05272175
1.400000000000001 0.05460498
1.410000000000001 0.05647616
1.420000000000001 0.05830656
1.430000000000001 0.06010788
1.440000000000001 0.0619661
1.450000000000001 0.06352358
1.460000000000001 0.0651097
1.470000000000001 0.06661075
1.480000000000001 0.0679115
1.490000000000001 0.0690747
1.500000000000001 0.0700645
1.5100000000000011 0.07084476
1.5200000000000011 0.07137842
1.5300000000000011 0.07168427
1.5400000000000011 0.07173155
1.5500000000000012 0.07151557
1.5600000000000012 0.07103272
1.5700000000000012 0.07030896
1.5800000000000012 0.06936663
1.5900000000000012 0.06821052
1.6000000000000012 0.06689106
1.6100000000000012 0.06545608
1.6200000000000012 0.06393006
1.6300000000000012 0.06235631
1.6400000000000012 0.06078938
1.6500000000000012 0.05928587
1.6600000000000013 0.05785557
1.6700000000000013 0.05656102
1.6800000000000013 0.05545785
1.6900000000000013 0.05454996
1.7000000000000013 0.05387365
1.7100000000000013 0.05346319
1.7200000000000013 0.05326547
1.7300000000000013 0.05336321
1.7400000000000013 0.05372237
1.7500000000000013 0.05437791
1.7600000000000013 0.05540939
1.7700000000000014 0.0567256
1.7800000000000014 0.05802433
1.7900000000000014 0.05937275
1.8000000000000014 0.06073798
1.8100000000000014 0.0621205
1.8200000000000014 0.06354419
1.8300000000000014 0.06503245
1.8400000000000014 0.06654722
1.8500000000000014 0.06812936
1.8600000000000014 0.06980383
1.8700000000000014 0.07156868
1.8800000000000014 0.07342298
1.8900000000000015 0.07541295
1.9000000000000015 0.07751937
1.9100000000000015 0.07973793
1.9200000000000015 0.08208776
1.9300000000000015 0.08451205
1.9400000000000015 0.08697484
1.9500000000000015 0.08948007
1.9600000000000015 0.09188711
1.9700000000000015 0.09423674
1.9800000000000015 0.09639522
1.9900000000000015 0.09837689
2.0000000000000013 0.10009042
2.010000000000001 0.10150482
2.020000000000001 0.10261277
2.0300000000000007 0.10342675
2.0400000000000005 0.10382693
2.0500000000000003 0.10415952
2.06 0.10418385
2.07 0.1039497
2.0799999999999996 0.10353866
2.0899999999999994 0.1030321
2.099999999999999 0.10241242
2.109999999999999 0.10170653
2.1199999999999988 0.10094861
2.1299999999999986 0.10018583
2.1399999999999983 0.09929847
2.149999999999998 0.09834563
2.159999999999998 0.09720803
2.1699999999999977 0.09584348
2.1799999999999975 0.09420434
2.1899999999999973 0.09221521
2.199999999999997 0.08990741
2.209999999999997 0.08722481
2.2199999999999966 0.08421426
2.2299999999999964 0.08091261
2.239999999999996 0.07739568
2.249999999999996 0.07376238
2.259999999999996 0.07022932
2.2699999999999956 0.06672107
2.2799999999999954 0.06350743
2.289999999999995 0.06062829
2.299999999999995 0.05817623
2.3099999999999947 0.05626616
2.3199999999999945 0.05508592
2.3299999999999943 0.05458322
2.339999999999994 0.05481865
2.349999999999994 0.05578185
2.3599999999999937 0.05713871
2.3699999999999934 0.05847415
2.3799999999999932 0.05990239
2.389999999999993 0.06135297
2.399999999999993 0.06285616
2.4099999999999926 0.06451304
2.4199999999999924 0.06620511
2.429999999999992 0.06809362
2.439999999999992 0.07003431
2.4499999999999917 0.07213582
2.4599999999999915 0.07443699
2.4699999999999913 0.07695855
2.479999999999991 0.0796482
2.489999999999991 0.08257854
2.4999999999999907 0.08569664
2.5099999999999905 0.088933
2.5199999999999902 0.09227801
2.52999999999999 0.09562471
2.53999999999999 0.09894091
2.5499999999999896 0.10220254
2.5599999999999894 0.10543461
2.569999999999989 0.10816291
2.579999999999989 0.11083554
2.5899999999999888 0.11324267
2.5999999999999885 0.11536249
2.6099999999999883 0.11722089
2.619999999999988 0.11872515
2.629999999999988 0.11992163
2.6399999999999877 0.12083498
2.6499999999999875 0.12146652
2.6599999999999873 0.12193598
2.669999999999987 0.12235658
2.679999999999987 0.12278764
2.6899999999999866 0.1229701
2.6999999999999864 0.12282486
2.709999999999986 0.12234964
2.719999999999986 0.1215324
2.7299999999999858 0.12025097
2.7399999999999856 0.1186451
2.7499999999999853 0.1166295
2.759999999999985 0.11417591
2.769999999999985 0.11136357
2.7799999999999847 0.10820829
2.7899999999999845 0.10471176
2.7999999999999843 0.10094702
2.809999999999984 0.09697609
2.819999999999984 0.09294141
2.8299999999999836 0.08887455
2.8399999999999834 0.08482422
2.849999999999983 0.08087854
2.859999999999983 0.0770549
2.869999999999983 0.07328553
2.8799999999999826 0.0697352
2.8899999999999824 0.06637976
2.899999999999982 0.06321233
2.909999999999982 0.06041961
2.9199999999999817 0.05807991
2.9299999999999815 0.05623088
2.9399999999999813 0.05486747
2.949999999999981 0.05409378
2.959999999999981 0.05392342
2.9699999999999807 0.05437433
2.9799999999999804 0.05546028
2.9899999999999802 0.05718207
2.99999999999998 0.05932482
3.00999999999998 0.06178507
3.0199999999999796 0.06451716
3.0299999999999794 0.06755443
3.039999999999979 0.07088061
3.049999999999979 0.07453227
3.0599999999999787 0.07851563
3.0699999999999785 0.08261201
3.0799999999999783 0.08677383
3.089999999999978 0.0908662
3.099999999999978 0.09497134
3.1099999999999777 0.09905791
3.1199999999999775 0.1030674
3.1299999999999772 0.10694458
3.139999999999977 0.1107965
3.149999999999977 0.11448996
3.1599999999999766 0.11797879
3.1699999999999764 0.12126775
3.179999999999976 0.12430084
3.189999999999976 0.12704067
3.1999999999999758 0.12945591
3.2099999999999755 0.13150736
3.2199999999999753 0.13314698
3.229999999999975 0.13440911
3.239999999999975 0.13523625
3.2499999999999747 0.13568106
3.2599999999999745 0.13586793
3.2699999999999743 0.13568334
3.279999999999974 0.13507723
3.289999999999974 0.13402697
3.2999999999999736 0.13257029
3.3099999999999734 0.13062586
3.319999999999973 0.12829577
3.329999999999973 0.12555544
3.3399999999999728 0.12247659
3.3499999999999726 0.11898025
3.3599999999999723 0.11520345
3.369999999999972 0.11118516
3.379999999999972 0.10686637
3.3899999999999717 0.10245999
3.3999999999999715 0.09795675
3.4099999999999713 0.09345084
3.419999999999971 0.08892581
3.429999999999971 0.08445057
3.4399999999999706 0.08010937
3.4499999999999704 0.07597992
3.45999999999997 0.07210185
3.46999999999997 0.06854823
3.47999999999997 0.06538113
3.4899999999999696 0.06274186
3.4999999999999694 0.06060737
3.509999999999969 0.05906161
3.519999999999969 0.05816537
3.5299999999999687 0.05795835
3.5399999999999685 0.05868467
3.5499999999999683 0.06038
3.559999999999968 0.06311095
3.569999999999968 0.06634455
3.5799999999999677 0.0699039
3.5899999999999674 0.07371574
3.5999999999999672 0.07779776
3.609999999999967 0.0820588
3.619999999999967 0.08641281
3.6299999999999666 0.09070678
3.6399999999999664 0.09485401
3.649999999999966 0.09882875
3.659999999999966 0.10257177
3.6699999999999657 0.10608309
3.6799999999999655 0.10933918
3.6899999999999653 0.11255272
3.699999999999965 0.11545394
3.709999999999965 0.11819401
3.7199999999999647 0.1206675
3.7299999999999645 0.12277267
3.7399999999999642 0.12460942
3.749999999999964 0.12613873
3.759999999999964 0.12734878
3.7699999999999636 0.12844098
3.7799999999999634 0.12925422
3.789999999999963 0.12991342
3.799999999999963 0.13040692
3.8099999999999627 0.13070991
3.8199999999999625 0.13072586
3.8299999999999623 0.13053728
3.839999999999962 0.13007307
3.849999999999962 0.12939943
3.8599999999999617 0.12848854
3.8699999999999615 0.12734351
3.8799999999999613 0.12601691
3.889999999999961 0.1245243
3.899999999999961 0.12283839
3.9099999999999606 0.1210199
3.9199999999999604 0.11906004
3.92999999999996 0.11701844
3.93999999999996 0.11487366
3.9499999999999598 0.11268947
3.9599999999999596 0.11045359
3.9699999999999593 0.1082701
3.979999999999959 0.1061273
3.989999999999959 0.1040468
3.9999999999999587 0.1020552
4.009999999999959 0.10023842
4.019999999999959 0.09854336
4.0299999999999585 0.09703698
4.039999999999958 0.09574923
4.049999999999958 0.09463214
4.059999999999958 0.09377496
4.069999999999958 0.09314542
4.079999999999957 0.09271707
4.089999999999957 0.09252654
4.099999999999957 0.09262107
4.109999999999957 0.09295414
4.119999999999957 0.09357788
4.129999999999956 0.09439492
4.139999999999956 0.09532167
4.149999999999956 0.09630564
4.159999999999956 0.0973688
4.1699999999999555 0.09840175
4.179999999999955 0.09951154
4.189999999999955 0.10070037
4.199999999999955 0.10197182
4.209999999999955 0.10341247
4.2199999999999545 0.10519845
4.229999999999954 0.10725172
4.239999999999954 0.10938455
4.249999999999954 0.1115939
4.259999999999954 0.11384949
4.269999999999953 0.11609689
4.279999999999953 0.11832316
4.289999999999953 0.12058621
4.299999999999953 0.12282282
4.3099999999999525 0.12515957
4.319999999999952 0.12750489
4.329999999999952 0.1297494
4.339999999999952 0.13186724
4.349999999999952 0.13378786
4.3599999999999515 0.13547377
4.369999999999951 0.13691206
4.379999999999951 0.13815942
4.389999999999951 0.13921599
4.399999999999951 0.14008211
4.40999999999995 0.14075752
4.41999999999995 0.14121677
4.42999999999995 0.14146511
4.43999999999995 0.1415208
4.4499999999999496 0.14141976
4.459999999999949 0.14115631
4.469999999999949 0.14080732
4.479999999999949 0.14031515
4.489999999999949 0.13967491
4.4999999999999485 0.13892806
4.509999999999948 0.13805389
4.519999999999948 0.13709558
4.529999999999948 0.13609723
4.539999999999948 0.13507746
4.549999999999947 0.13401849
4.559999999999947 0.13287484
4.569999999999947 0.13169986
4.579999999999947 0.1305177
4.589999999999947 0.12933692
4.599999999999946 0.12823673
4.609999999999946 0.12735547
4.619999999999946 0.12641979
4.629999999999946 0.12566545
4.6399999999999455 0.12504551
4.649999999999945 0.12462485
4.659999999999945 0.12442472
4.669999999999945 0.12453888
4.679999999999945 0.12486886
4.689999999999944 0.12554452
4.699999999999944 0.12643931
4.709999999999944 0.12754782
4.719999999999944 0.12872429
4.729999999999944 0.13001945
4.739999999999943 0.13141409
4.749999999999943 0.13297059
4.759999999999943 0.13459534
4.769999999999943 0.13624323
4.7799999999999425 0.13794338
4.789999999999942 0.13965015
4.799999999999942 0.14137396
4.809999999999942 0.14314626
4.819999999999942 0.14493139
4.8299999999999415 0.14672179
4.839999999999941 0.14848069
4.849999999999941 0.15018689
4.859999999999941 0.15175915
4.869999999999941 0.15336417
4.87999999999994 0.1549067
4.88999999999994 0.15638795
4.89999999999994 0.15775733
4.90999999999994 0.15903988
4.9199999999999395 0.16022517
4.929999999999939 0.16128667
4.939999999999939 0.16222872
4.949999999999939 0.16306971
4.959999999999939 0.16382243
4.9699999999999385 0.16447037
4.979999999999938 0.16497815
4.989999999999938 0.16530928
4.999999999999938 0.16542463
5.009999999999938 0.16539632
5.019999999999937 0.16516124
5.029999999999937 0.16473273
5.039999999999937 0.164094
5.049999999999937 0.16328201
5.0599999999999365 0.16231874
5.069999999999936 0.16127689
5.079999999999936 0.16025295
5.089999999999936 0.15927587
5.099999999999936 0.15823286
5.1099999999999355 0.15738629
5.119999999999935 0.156431
5.129999999999935 0.15555014
5.139999999999935 0.15484966
5.149999999999935 0.15432631
5.159999999999934 0.15389973
5.169999999999934 0.15354005
5.179999999999934 0.15319351
5.189999999999934 0.15295793
5.199999999999934 0.15289583
5.209999999999933 0.15304783
5.219999999999933 0.15335619
5.229999999999933 0.15380121
5.239999999999933 0.15439354
5.2499999999999325 0.15510121
5.259999999999932 0.15590179
5.269999999999932 0.15692068
5.279999999999932 0.15809337
5.289999999999932 0.15936371
5.299999999999931 0.16068302
5.309999999999931 0.16206639
5.319999999999931 0.1634821
5.329999999999931 0.16494478
5.339999999999931 0.16645811
5.34999999999993 0.16804516
5.35999999999993 0.16957011
5.36999999999993 0.17096565
5.37999999999993 0.17223818
5.3899999999999295 0.17340955
5.399999999999929 0.17450657
5.409999999999929 0.17563004
5.419999999999929 0.17668206
5.429999999999929 0.17767603
5.4399999999999284 0.17883452
5.449999999999928 0.17999419
5.459999999999928 0.18116012
5.469999999999928 0.18229409
5.479999999999928 0.18330855
5.489999999999927 0.18417618
5.499999999999927 0.1848276
5.509999999999927 0.1851835
5.519999999999927 0.18531235
5.5299999999999265 0.18522444
5.539999999999926 0.18493721
5.549999999999926 0.18441697
5.559999999999926 0.183764
5.569999999999926 0.18291471
5.5799999999999255 0.18191733
5.589999999999925 0.18080768
5.599999999999925 0.17960218
5.609999999999925 0.17828908
5.619999999999925 0.1768624
5.629999999999924 0.17531357
5.639999999999924 0.17380465
5.649999999999924 0.17233112
5.659999999999924 0.17093203
5.6699999999999235 0.16963111
5.679999999999923 0.16835574
5.689999999999923 0.16702634
5.699999999999923 0.16581475
5.709999999999923 0.16471698
5.7199999999999225 0.16376783
5.729999999999922 0.16300455
5.739999999999922 0.16239007
5.749999999999922 0.16186293
5.759999999999922 0.16142368
5.769999999999921 0.16104238
5.779999999999921 0.16071677
5.789999999999921 0.16050907
5.799999999999921 0.16044989
5.809999999999921 0.16050639
5.81999999999992 0.16067938
5.82999999999992 0.16095157
5.83999999999992 0.16124242
5.84999999999992 0.16152348
5.8599999999999195 0.16180304
5.869999999999919 0.16215417
5.879999999999919 0.16259989
5.889999999999919 0.16319107
5.899999999999919 0.16397081
5.909999999999918 0.16484466
5.919999999999918 0.16573398
5.929999999999918 0.16658246
5.939999999999918 0.16743164
5.949999999999918 0.1682967
5.959999999999917 0.16919064
5.969999999999917 0.17035952
5.979999999999917 0.17166453
5.989999999999917 0.17303701
5.9999999999999165 0.17447986
6.009999999999916 0.17599306
6.019999999999916 0.17760304
6.029999999999916 0.17931294
6.039999999999916 0.18106978
6.0499999999999154 0.18272722
6.059999999999915 0.18409363
6.069999999999915 0.18516668
6.079999999999915 0.1859546
6.089999999999915 0.18650556
6.099999999999914 0.18715338
6.109999999999914 0.18756682
6.119999999999914 0.18768542
6.129999999999914 0.1875062
6.1399999999999135 0.18696677
6.149999999999913 0.18618234
6.159999999999913 0.18525791
6.169999999999913 0.18433952
6.179999999999913 0.18334371
6.1899999999999125 0.18224967
6.199999999999912 0.18093327
6.209999999999912 0.17944697
6.219999999999912 0.17791929
6.229999999999912 0.17646218
6.239999999999911 0.17508254
6.249999999999911 0.17378152
6.259999999999911 0.17243966
6.269999999999911 0.17108731
6.2799999999999105 0.16975353
6.28999999999991 0.16852121
6.29999999999991 0.16741617
6.30999999999991 0.16638279
6.31999999999991 0.16533722
6.3299999999999095 0.16434467
6.339999999999909 0.16329783
6.349999999999909 0.16242012
6.359999999999909 0.16182299
6.369999999999909 0.16159271
6.379999999999908 0.16136488
6.389999999999908 0.16110457
6.399999999999908 0.16084631
6.409999999999908 0.16066626
6.419999999999908 0.16066095
6.429999999999907 0.1608783
6.439999999999907 0.1612681
6.449999999999907 0.1616817
6.459999999999907 0.16212293
6.4699999999999065 0.16251952
6.479999999999906 0.16316971
6.489999999999906 0.16427406
6.499999999999906 0.16580948
6.509999999999906 0.16772358
6.519999999999905 0.16979242
6.529999999999905 0.17211339
6.539999999999905 0.17449089
6.549999999999905 0.17695562
6.559999999999905 0.17944292
6.569999999999904 0.18194259
6.579999999999904 0.18426997
6.589999999999904 0.18651483
6.599999999999904 0.18852593
6.6099999999999035 0.19035688
6.619999999999903 0.19202635
6.629999999999903 0.19349944
6.639999999999903 0.19473339
6.649999999999903 0.19567349
6.659999999999902 0.19634526
6.669999999999902 0.19672302
6.679999999999902 0.19682577
6.689999999999902 0.19676973
6.699999999999902 0.19645427
6.709999999999901 0.19594333
6.719999999999901 0.19516937
6.729999999999901 0.19415712
6.739999999999901 0.19295981
6.7499999999999005 0.19156824
6.7599999999999 0.19004056
6.7699999999999 0.18853587
6.7799999999999 0.18686747
6.7899999999999 0.18513813
6.7999999999998995 0.18332008
6.809999999999899 0.18140371
6.819999999999899 0.17946888
6.829999999999899 0.17756477
6.839999999999899 0.17579845
6.849999999999898 0.17424993
6.859999999999898 0.1728738
6.869999999999898 0.17159378
6.879999999999898 0.17044275
6.8899999999998975 0.16935584
6.899999999999897 0.16843594
6.909999999999897 0.16753247
6.919999999999897 0.16685294
6.929999999999897 0.16636126
6.9399999999998965 0.16602471
6.949999999999896 0.16571125
6.959999999999896 0.16548684
6.969999999999896 0.16542982
6.979999999999896 0.16564152
6.989999999999895 0.16607744
6.999999999999895 0.16681202
7.009999999999895 0.16777957
7.019999999999895 0.16890888
7.0299999999998946 0.17012041
7.039999999999894 0.17140183
7.049999999999894 0.17269843
7.059999999999894 0.17398266
7.069999999999894 0.17523515
7.0799999999998935 0.17653471
7.089999999999893 0.17780456
7.099999999999893 0.17899228
7.109999999999893 0.18005075
7.119999999999893 0.1809991
7.129999999999892 0.18178163
7.139999999999892 0.1823392
7.149999999999892 0.18278286
7.159999999999892 0.18304825
7.169999999999892 0.18313502
7.179999999999891 0.18305143
7.189999999999891 0.18283126
7.199999999999891 0.18245685
7.209999999999891 0.18197712
7.2199999999998905 0.18138023
7.22999999999989 0.18064772
7.23999999999989 0.17986408
7.24999999999989 0.17900967
7.25999999999989 0.17805351
7.269999999999889 0.1770506
7.279999999999889 0.17600668
7.289999999999889 0.174971
7.299999999999889 0.17389058
7.309999999999889 0.17280146
7.319999999999888 0.17167648
7.329999999999888 0.17055959
7.339999999999888 0.1694403
7.349999999999888 0.16833094
7.3599999999998875 0.16729639
7.369999999999887 0.16633081
7.379999999999887 0.16544532
7.389999999999887 0.16461452
7.399999999999887 0.16386782
7.4099999999998865 0.16320319
7.419999999999886 0.16259356
7.429999999999886 0.16206826
7.439999999999886 0.16165535
7.449999999999886 0.16136726
7.459999999999885 0.16115294
7.469999999999885 0.16096132
7.479999999999885 0.16082334
7.489999999999885 0.16074375
7.4999999999998845 0.16070305
7.509999999999884 0.16063848
7.519999999999884 0.16067015
7.529999999999884 0.1607318
7.539999999999884 0.16083868
7.5499999999998835 0.16097649
7.559999999999883 0.16113615
7.569999999999883 0.16133019
7.579999999999883 0.16154965
7.589999999999883 0.16177294
7.599999999999882 0.16201807
7.609999999999882 0.16230428
7.619999999999882 0.16260372
7.629999999999882 0.16288315
7.6399999999998816 0.16310814
7.649999999999881 0.1633609
7.659999999999881 0.16359433
7.669999999999881 0.16378067
7.679999999999881 0.16391076
7.6899999999998805 0.16403678
7.69999999999988 0.16409189
7.70999999999988 0.16405506
7.71999999999988 0.16394799
7.72999999999988 0.16373367
7.739999999999879 0.16349504
7.749999999999879 0.16324725
7.759999999999879 0.16284821
7.769999999999879 0.16249007
7.779999999999879 0.16219444
7.789999999999878 0.16190053
7.799999999999878 0.16156368
7.809999999999878 0.16124604
7.819999999999878 0.16091335
7.8299999999998775 0.1605729
7.839999999999877 0.16016727
7.849999999999877 0.15981223
7.859999999999877 0.15949256
7.869999999999877 0.15920534
7.879999999999876 0.15890125
7.889999999999876 0.15868619
7.899999999999876 0.1585289
7.909999999999876 0.15844255
7.919999999999876 0.15842617
7.929999999999875 0.15845962
7.939999999999875 0.15850526
7.949999999999875 0.15864716
7.959999999999875 0.15874194
7.9699999999998745 0.1588404
7.979999999999874 0.15894862
7.989999999999874 0.15906019
7.999999999999874 0.15918641
8.009999999999874 0.15927221
8.019999999999873 0.15935652
8.029999999999873 0.15944317
8.039999999999873 0.15948853
8.049999999999873 0.15948933
8.059999999999873 0.15947903
8.069999999999872 0.15947654
8.079999999999872 0.15949829
8.089999999999872 0.15947213
8.099999999999872 0.1594452
8.109999999999872 0.15944413
8.119999999999871 0.15941795
8.129999999999871 0.15936359
8.139999999999871 0.15932799
8.14999999999987 0.15930793
8.15999999999987 0.15927421
8.16999999999987 0.1592166
8.17999999999987 0.15917087
8.18999999999987 0.15913506
8.19999999999987 0.15909545
8.20999999999987 0.15902658
8.21999999999987 0.1589494
8.229999999999869 0.15896139
8.239999999999869 0.15873127
8.249999999999869 0.15854743
8.259999999999868 0.15824816
8.269999999999868 0.15789792
8.279999999999868 0.15752235
8.289999999999868 0.1570172
8.299999999999867 0.15644046
8.309999999999867 0.15583251
8.319999999999867 0.15521233
8.329999999999867 0.15459121
8.339999999999867 0.15394334
8.349999999999866 0.1533365
8.359999999999866 0.15280913
8.369999999999866 0.15236887
8.379999999999866 0.15207305
8.389999999999866 0.15186336
8.399999999999865 0.15184656
8.409999999999865 0.15191753
8.419999999999865 0.15218177
8.429999999999865 0.15241116
8.439999999999864 0.15273168
8.449999999999864 0.1530204
8.459999999999864 0.15327498
8.469999999999864 0.15337997
8.479999999999864 0.15332141
8.489999999999863 0.15303549
8.499999999999863 0.15258484
8.509999999999863 0.15193127
8.519999999999863 0.1510732
8.529999999999863 0.14999728
8.539999999999862 0.1487379
8.549999999999862 0.14729824
8.559999999999862 0.14567779
8.569999999999862 0.14389271
8.579999999999862 0.14197524
8.589999999999861 0.13998207
8.599999999999861 0.13798685
8.60999999999986 0.13597433
8.61999999999986 0.13399768
8.62999999999986 0.13209373
8.63999999999986 0.13027314
8.64999999999986 0.12855616
8.65999999999986 0.12697651
8.66999999999986 0.12551671
8.67999999999986 0.12420099
8.68999999999986 0.12297716
8.699999999999859 0.1218453
8.709999999999859 0.1207881
8.719999999999859 0.11979172
8.729999999999858 0.11885487
8.739999999999858 0.11797675
8.749999999999858 0.11715249
8.759999999999858 0.11636569
8.769999999999857 0.11561266
8.779999999999857 0.1149065
8.789999999999857 0.11426783
8.799999999999857 0.11370451
8.809999999999857 0.11325561
8.819999999999856 0.1128954
8.829999999999856 0.11267228
8.839999999999856 0.11261545
8.849999999999856 0.11276987
8.859999999999856 0.11312937
8.869999999999855 0.11375315
8.879999999999855 0.11464893
8.889999999999855 0.11579756
8.899999999999855 0.11719743
8.909999999999854 0.11883614
8.919999999999854 0.12083036
8.929999999999854 0.12319253
8.939999999999854 0.12572231
8.949999999999854 0.12843592
8.959999999999853 0.13123381
8.969999999999853 0.13406798
8.979999999999853 0.13688496
8.989999999999853 0.13965703
8.999999999999853 0.14235412
9.009999999999852 0.14498649
9.019999999999852 0.14751532
9.029999999999852 0.14990731
9.039999999999852 0.15211898
9.049999999999851 0.15415004
9.059999999999851 0.15596634
9.069999999999851 0.15759613
9.07999999999985 0.15903451
9.08999999999985 0.16024245
9.09999999999985 0.16119007
9.10999999999985 0.16183269
9.11999999999985 0.16215089
9.12999999999985 0.16218886
9.13999999999985 0.16194083
9.14999999999985 0.16137363
9.15999999999985 0.16057568
9.169999999999849 0.15951613
9.179999999999849 0.15815312
9.189999999999849 0.1565102
9.199999999999848 0.15456704
9.209999999999848 0.15235365
9.219999999999848 0.14992102
9.229999999999848 0.14730889
9.239999999999847 0.14454323
9.249999999999847 0.14166324
9.259999999999847 0.13874646
9.269999999999847 0.13579251
9.279999999999847 0.13298026
9.289999999999846 0.13032886
9.299999999999846 0.12786631
9.309999999999846 0.12563647
9.319999999999846 0.12366982
9.329999999999846 0.12194327
9.339999999999845 0.12055402
9.349999999999845 0.11949638
9.359999999999845 0.11878996
9.369999999999845 0.11849543
9.379999999999844 0.11861202
9.389999999999844 0.11918526
9.399999999999844 0.12026335
9.409999999999844 0.12188018
9.419999999999844 0.12409
9.429999999999843 0.12702917
9.439999999999843 0.13070747
9.449999999999843 0.13493825
9.459999999999843 0.13950144
9.469999999999843 0.14423619
9.479999999999842 0.14907123
9.489999999999842 0.15397356
9.499999999999842 0.15890183
9.509999999999842 0.16383777
9.519999999999841 0.16875195
9.529999999999841 0.17355876
9.539999999999841 0.17820913
9.54999999999984 0.18288054
9.55999999999984 0.18731426
9.56999999999984 0.19155457
9.57999999999984 0.19556192
9.58999999999984 0.19937504
9.59999999999984 0.2029738
9.60999999999984 0.20633885
9.61999999999984 0.20945881
9.62999999999984 0.21227082
9.639999999999839 0.21473855
9.649999999999839 0.21684406
9.659999999999838 0.21856288
9.669999999999838 0.21990739
9.679999999999838 0.22086536
9.689999999999838 0.22150832
9.699999999999838 0.22174017
9.709999999999837 0.22163564
9.719999999999837 0.22113087
9.729999999999837 0.2201971
9.739999999999837 0.21886853
9.749999999999837 0.21721205
9.759999999999836 0.21527087
9.769999999999836 0.21324511
9.779999999999836 0.21115716
9.789999999999836 0.20902671
9.799999999999836 0.20676795
9.809999999999835 0.20445525
9.819999999999835 0.20208438
9.829999999999835 0.19972722
9.839999999999835 0.19741962
9.849999999999834 0.1951755
9.859999999999834 0.19302804
9.869999999999834 0.1910106
9.879999999999834 0.18913581
9.889999999999834 0.18739354
9.899999999999833 0.18571261
9.909999999999833 0.1841343
9.919999999999833 0.18268718
9.929999999999833 0.18137524
9.939999999999833 0.18025416
9.949999999999832 0.17933548
9.959999999999832 0.17871385
9.969999999999832 0.17834276
9.979999999999832 0.17837419
9.989999999999831 0.17883293
9.999999999999831 0.17977793
