0 NaN 1.0 1.0 1.0
0.05 0.03849598 0.9668608 0.99983779 0.99987862
0.1 0.4974307 0.99441594 0.99873244 1.00038958
0.15000000000000002 0.39686517 0.99384225 0.99350049 1.00399332
0.2 0.54234797 0.98912679 0.99231769 1.00311727
0.25 1.82698605 1.0293493 0.98429247 1.00930126
0.3 0.71074257 1.00534011 0.97809252 1.01010184
0.35 1.71659851 1.05407881 0.97321428 1.0133285
0.39999999999999997 1.18540167 1.05148353 0.95877998 1.01998919
0.44999999999999996 1.34714717 1.07004837 0.95588395 1.01749538
0.49999999999999994 1.8537421 1.11345669 0.93925172 1.02835118
0.5499999999999999 1.29414184 1.09930444 0.92970263 1.02428534
0.6 1.9529576 1.16589295 0.91963835 1.0307723
0.65 1.52478062 1.15898638 0.89922168 1.03271442
0.7000000000000001 1.73162838 1.20018772 0.89425948 1.02904334
0.7500000000000001 1.89151585 1.24104822 0.87077494 1.0379881
0.8000000000000002 1.6089749 1.2368574 0.86007625 1.0271947
0.8500000000000002 1.99757663 1.31592277 0.84459783 1.03507354
0.9000000000000002 1.70317203 1.30181514 0.82215132 1.02626988
0.9500000000000003 1.91149064 1.36375737 0.81461876 1.0212808
1.0000000000000002 1.93320887 1.39506306 0.78768657 1.02283207
1.0500000000000003 1.79188664 1.40086101 0.77724201 1.00689415
1.1000000000000003 2.04417805 1.48503335 0.75774412 1.01368252
1.1500000000000004 1.81778219 1.46122707 0.73686618 0.99354693
1.2000000000000004 2.01137178 1.54060515 0.72688006 0.98731185
1.2500000000000004 1.97215466 1.55495222 0.70058257 0.98014506
1.3000000000000005 1.91149904 1.57106665 0.6911949 0.96248861
1.3500000000000005 2.08785464 1.65131558 0.67042947 0.96494111
1.4000000000000006 1.89844227 1.61675189 0.65373882 0.93988626
1.4500000000000006 2.07448232 1.70873642 0.64236768 0.93455491
1.5000000000000007 2.00258939 1.69945251 0.62053778 0.92040791
1.5500000000000007 1.99566754 1.72668761 0.61269742 0.90542458
1.6000000000000008 2.11650007 1.79283133 0.59417086 0.90322617
1.6500000000000008 1.95547603 1.74893759 0.58302552 0.88081765
1.7000000000000008 2.11580479 1.84689366 0.57226074 0.8798989
1.7500000000000009 2.01989059 1.8095762 0.55771532 0.86216748
1.800000000000001 2.05602801 1.84887288 0.55186302 0.85397036
1.850000000000001 2.12682926 1.89050564 0.53910619 0.84926053
1.900000000000001 1.99321036 1.84189463 0.53356407 0.83539703
1.950000000000001 2.14169077 1.93696751 0.52609626 0.84054318
2.000000000000001 2.02101949 1.87143475 0.52000811 0.82442663
2.0500000000000007 2.09787098 1.92264146 0.51684237 0.82505033
2.1000000000000005 2.11606667 1.93102391 0.51254531 0.8212413
2.1500000000000004 2.01465516 1.88503684 0.51166568 0.81837495
2.2 2.15574414 1.96630535 0.51041881 0.82692745
2.25 2.00509696 1.87821769 0.5119933 0.81931124
2.3 2.12347025 1.93822364 0.51275278 0.82792913
2.3499999999999996 2.08258341 1.90927584 0.51783133 0.82813549
2.3999999999999995 2.02292685 1.87364867 0.52039952 0.83465409
2.4499999999999993 2.15064303 1.93001054 0.52765817 0.8443529
2.499999999999999 1.97357858 1.83053769 0.53448617 0.84742743
2.549999999999999 2.13274864 1.89225378 0.54083987 0.8617959
2.5999999999999988 2.02665557 1.82929047 0.55388312 0.86637978
2.6499999999999986 2.02085162 1.80867067 0.55922294 0.87826183
2.6999999999999984 2.1153533 1.83264093 0.5755154 0.8899431
2.7499999999999982 1.9291737 1.73513127 0.58468588 0.89806197
2.799999999999998 2.12362178 1.78916218 0.59792817 0.9162431
2.849999999999998 1.94998878 1.70280177 0.61563183 0.921372
2.8999999999999977 2.01037045 1.69672266 0.62380779 0.93511315
2.9499999999999975 2.05084801 1.68788369 0.64727946 0.94666873
2.9999999999999973 1.8735136 1.60323098 0.65657739 0.95406471
3.049999999999997 2.09234222 1.64190737 0.67651282 0.97337959
3.099999999999997 1.85270895 1.54631882 0.69502161 0.97387424
3.149999999999997 1.99338898 1.55058994 0.70618215 0.98748303
3.1999999999999966 1.9579902 1.51569125 0.73308995 0.99405429
3.2499999999999964 1.80477338 1.44981425 0.74141914 0.99836038
3.2999999999999963 2.04323794 1.47051032 0.7658368 1.01286225
3.349999999999996 1.72745672 1.3786697 0.78206157 1.00817898
3.399999999999996 1.97317662 1.38882853 0.79556175 1.02025694
3.4499999999999957 1.8260398 1.33848838 0.82156047 1.01842674
3.4999999999999956 1.71435633 1.29313414 0.82856101 1.02014572
3.5499999999999954 1.98229089 1.29844488 0.8536972 1.02673857
3.599999999999995 1.54870343 1.21954451 0.86587914 1.01827742
3.649999999999995 1.95366269 1.23336598 0.8799334 1.02797265
3.699999999999995 1.6130981 1.17815421 0.90128316 1.01841527
3.7499999999999947 1.57517562 1.15318224 0.90677355 1.01969402
3.7999999999999945 1.85888587 1.14859846 0.9283353 1.01954504
3.8499999999999943 1.24759635 1.08803289 0.93596829 1.01021672
3.899999999999994 1.92980227 1.10578442 0.94793026 1.0179184
3.949999999999994 1.20099836 1.05383816 0.96219674 1.00483793
3.999999999999994 1.29128947 1.04892889 0.96584426 1.00839134
4.049999999999994 1.46630324 1.04003127 0.98003793 1.00430864
4.099999999999993 0.6815198 1.00058326 0.98355522 0.99879519
4.149999999999993 1.76496631 1.02371226 0.99049002 1.00558575
4.199999999999993 0.4421558 0.98008406 0.99684265 0.99440338
4.249999999999993 0.51843152 0.99527612 0.99801423 1.00174173
4.299999999999993 0.33192011 0.98569988 1.0023815 0.99711924
4.3499999999999925 0.07910383 0.96881289 1.0027605 0.99835354
4.399999999999992 0.70227244 0.99813528 1.00207355 1.00364319
4.449999999999992 0.1146667 0.96528708 1.0013196 0.99918843
4.499999999999992 0.95901422 1.00058616 0.99898815 1.00885485
4.549999999999992 0.44013335 0.9911175 0.99304194 1.00632937
4.599999999999992 0.73371937 0.99781945 0.99127149 1.01265886
4.6499999999999915 1.64502551 1.03188301 0.98139857 1.01701503
4.699999999999991 0.79644594 1.0108647 0.97566032 1.01790958
4.749999999999991 1.9241397 1.06515921 0.96848291 1.02619858
4.799999999999991 1.14793173 1.0540996 0.95399354 1.02621059
4.849999999999991 1.50820028 1.08526533 0.95046413 1.03189843
4.899999999999991 1.77774606 1.11946356 0.93161669 1.03524906
4.94999999999999 1.35797775 1.11129391 0.92350333 1.03598172
4.99999999999999 2.04170126 1.18085825 0.91036736 1.04018947
5.04999999999999 1.49818134 1.16561131 0.89095036 1.03976018
5.09999999999999 1.85051125 1.22118594 0.88518005 1.03966139
5.14999999999999 1.84233264 1.24832313 0.85978639 1.04124499
5.1999999999999895 1.67156007 1.25472246 0.85129916 1.0354716
5.249999999999989 2.06062178 1.33218736 0.83231629 1.03680299
5.299999999999989 1.69505863 1.31129611 0.81219283 1.02965331
5.349999999999989 2.00435744 1.38868725 0.80337051 1.02331515
5.399999999999989 1.89545516 1.40112738 0.77563003 1.02087774
5.449999999999989 1.8581006 1.42387523 0.76755426 1.00700486
5.4999999999999885 2.07476169 1.49886954 0.74478117 1.00645405
5.549999999999988 1.82662817 1.47310909 0.72730429 0.98998673
5.599999999999988 2.07918912 1.56605562 0.71542567 0.98095644
5.649999999999988 1.94319028 1.558239 0.68994711 0.97234224
5.699999999999988 1.9775714 1.59763229 0.68225268 0.95465489
5.749999999999988 2.08799105 1.65913032 0.65935508 0.95225197
5.799999999999987 1.92033974 1.63100486 0.64625162 0.92997568
5.849999999999987 2.11089347 1.73017882 0.63285854 0.92438182
5.899999999999987 1.98204127 1.69990522 0.61321616 0.90853365
5.949999999999987 2.05475361 1.75378054 0.6059965 0.89355002
5.999999999999987 2.09765702 1.79260453 0.58703347 0.8894807
6.0499999999999865 1.98525133 1.76512053 0.57863229 0.86866582
6.099999999999986 2.12420811 1.86007542 0.56654964 0.87131231
6.149999999999986 2.00708406 1.80832061 0.55455733 0.85054866
6.199999999999986 2.10065659 1.8723854 0.54862342 0.84379243
6.249999999999986 2.09772168 1.88253917 0.5368202 0.83915649
6.299999999999986 2.02523866 1.85844983 0.53270906 0.82638666
6.349999999999985 2.13295401 1.93949164 0.52514978 0.83567212
6.399999999999985 2.01473587 1.86974277 0.52087488 0.81783724
6.449999999999985 2.1214686 1.93859229 0.51772285 0.82238715
6.499999999999985 2.08283875 1.91755031 0.5147534 0.81833061
6.549999999999985 2.04330227 1.89928422 0.51431644 0.81701672
6.5999999999999845 2.13252642 1.95851571 0.51397803 0.82865065
6.649999999999984 2.00347121 1.87637936 0.51610439 0.82059798
6.699999999999984 2.12217509 1.9442809 0.51754239 0.83602881
6.749999999999984 2.04942713 1.89303265 0.52327424 0.83300534
6.799999999999984 2.04325605 1.88272257 0.52601989 0.84288408
6.849999999999984 2.11476805 1.91455012 0.53440774 0.85357307
6.8999999999999835 1.97383439 1.82754107 0.54073354 0.85651155
6.949999999999983 2.1077984 1.88871513 0.54842231 0.87824135
6.999999999999983 1.99550758 1.81199109 0.56096893 0.87642759
7.049999999999983 2.03047552 1.8110488 0.56675035 0.89383902
7.099999999999983 2.07416021 1.81278351 0.58368422 0.90162463
7.149999999999983 1.92823624 1.72969319 0.59178476 0.91202562
7.199999999999982 2.08404356 1.77851705 0.60668714 0.93223115
7.249999999999982 1.9198633 1.68490638 0.62281791 0.93246809
7.299999999999982 2.01197577 1.69316658 0.63188574 0.95122475
7.349999999999982 2.0071742 1.66600095 0.65523541 0.95519464
7.399999999999982 1.87045396 1.59534656 0.66326304 0.96751403
7.4499999999999815 2.05935787 1.62717234 0.68495437 0.9790422
7.499999999999981 1.82036899 1.52829109 0.70101731 0.98208003
7.549999999999981 1.99553781 1.54348029 0.71365038 0.99591526
7.599999999999981 1.9079931 1.49328551 0.73960723 0.99636992
7.649999999999981 1.80411906 1.44116041 0.74684854 1.00515446
7.699999999999981 2.02736147 1.45394379 0.77295604 1.00885442
7.7499999999999805 1.69025124 1.36204617 0.78614521 1.01058442
7.79999999999998 1.98779306 1.38055271 0.80180682 1.01711133
7.84999999999998 1.759727 1.31723244 0.82596193 1.01479464
7.89999999999998 1.72846785 1.2859541 0.83260387 1.01722811
7.94999999999998 1.94993509 1.28167557 0.85898107 1.01753121
7.99999999999998 1.50777964 1.20653407 0.8681967 1.01418344
8.04999999999998 1.99201299 1.22541232 0.88479531 1.01657875
8.09999999999998 1.51628218 1.16022574 0.90364433 1.01149477
8.14999999999998 1.62692136 1.14901628 0.90979566 1.00992481
8.199999999999982 1.76252088 1.13327997 0.93170972 1.00954891
8.249999999999982 1.20790736 1.08040632 0.93732292 1.00246264
8.299999999999983 1.99064406 1.09899841 0.95138657 1.00631612
8.349999999999984 1.06617728 1.04126546 0.96328505 0.99855494
8.399999999999984 1.42215585 1.0483231 0.96814068 0.99884687
8.449999999999985 1.22883133 1.02790339 0.98183852 0.99880497
8.499999999999986 0.64443472 0.99914783 0.98468622 0.9927094
8.549999999999986 1.82347639 1.01880429 0.99248436 0.9999683
8.599999999999987 0.33867163 0.9741506 0.99755271 0.99249037
8.649999999999988 0.74322238 0.9981842 0.99941581 0.99901436
8.699999999999989 0.21358009 0.97820587 1.00312695 0.99907048
8.74999999999999 0.13745418 0.97358995 1.00369428 0.99826049
8.79999999999999 0.61602197 0.99578877 1.00251417 1.00837164
8.84999999999999 0.19931179 0.96648546 1.00196142 1.00284508
8.899999999999991 1.53224951 1.00669885 0.99890861 1.01541846
8.949999999999992 0.50130896 0.98913469 0.99300713 1.01427115
8.999999999999993 0.98977576 1.00828789 0.99123073 1.01920551
9.049999999999994 1.46041738 1.03259308 0.98015196 1.02851756
9.099999999999994 0.92538944 1.01900764 0.9756507 1.0247726
9.149999999999995 1.96923263 1.07396406 0.96625537 1.0396189
9.199999999999996 1.16742192 1.05780048 0.95289705 1.03455321
9.249999999999996 1.67163005 1.10039293 0.94835231 1.04187794
9.299999999999997 1.70661781 1.12329674 0.92846023 1.04579762
9.349999999999998 1.45374219 1.12546393 0.92171588 1.04190499
9.399999999999999 2.05254079 1.19161751 0.90556999 1.05323413
9.45 1.51782093 1.17427343 0.88808332 1.04250744
9.5 1.93931647 1.23952335 0.88026275 1.04737499
9.55 1.81531656 1.25455815 0.85448139 1.04306511
9.600000000000001 1.7409358 1.27332808 0.84686316 1.03696256
9.650000000000002 2.08182686 1.34378717 0.82494636 1.03929218
9.700000000000003 1.71465533 1.32329348 0.80701472 1.02459542
9.750000000000004 2.06268461 1.40865001 0.79567572 1.02340732
9.800000000000004 1.88353093 1.4079853 0.76824755 1.01177627
9.850000000000005 1.91389059 1.44518628 0.76049319 1.0023357
9.900000000000006 2.0929264 1.5093969 0.73538667 0.99617844
9.950000000000006 1.8444196 1.48655671 0.72006177 0.97925075
10.000000000000007 2.12608785 1.58587517 0.70574999 0.97235717
10.050000000000008 1.93240508 1.56333727 0.68124181 0.95695231
10.100000000000009 2.02825899 1.6203412 0.6735093 0.94468845
10.15000000000001 2.09556183 1.6656977 0.64917064 0.93482183
10.20000000000001 1.93821412 1.64481897 0.6380574 0.91771629
10.25000000000001 2.15318315 1.74726537 0.62266101 0.91103394
10.300000000000011 1.96790471 1.7015775 0.6046113 0.89410274
10.350000000000012 2.10282922 1.77660286 0.59709314 0.88227632
10.400000000000013 2.08882588 1.79226754 0.57785436 0.87407461
10.450000000000014 2.00584793 1.77930433 0.5710302 0.85927411
10.500000000000014 2.1606753 1.87081637 0.55779119 0.8578752
10.550000000000015 1.99101149 1.80670406 0.5476607 0.84242195
10.600000000000016 2.14318669 1.89295846 0.54140001 0.83676742
10.650000000000016 2.07233269 1.87394755 0.53045126 0.83215818
10.700000000000017 2.04938416 1.87300818 0.52726614 0.82345076
10.750000000000018 2.14903625 1.94046621 0.51981898 0.82845252
10.800000000000018 2.0002392 1.86644104 0.51697054 0.81802423
10.85000000000002 2.15140386 1.95330744 0.5140499 0.82378681
10.90000000000002 2.04526726 1.90182521 0.512371 0.82083442
10.95000000000002 2.06973834 1.91295091 0.5124373 0.82181342
11.000000000000021 2.11995675 1.94831142 0.51337494 0.83108712
11.050000000000022 1.99382274 1.87303955 0.51596972 0.82803654
11.100000000000023 2.13110274 1.94969257 0.51876511 0.84607767
11.150000000000023 2.0059039 1.87314406 0.52514525 0.84214841
11.200000000000024 2.06954415 1.89297659 0.52869441 0.85346575
11.250000000000025 2.07589948 1.89462221 0.53865237 0.86304649
11.300000000000026 1.9715886 1.8247161 0.54464195 0.86762579
11.350000000000026 2.09298292 1.88332892 0.55476378 0.89184197
11.400000000000027 1.95244503 1.79132061 0.56657589 0.88743049
11.450000000000028 2.05355102 1.81536772 0.57412887 0.90613839
11.500000000000028 2.01705853 1.78687246 0.59174511 0.91224616
11.55000000000003 1.93536504 1.72675681 0.59942396 0.92211964
11.60000000000003 2.05191388 1.76363234 0.61703894 0.94276165
11.65000000000003 1.8831776 1.665978 0.63112574 0.9403063
11.700000000000031 2.02811175 1.69045201 0.64296312 0.96127069
11.750000000000032 1.94096211 1.63862951 0.6653743 0.96129019
11.800000000000033 1.88825784 1.59127699 0.67356243 0.97303821
11.850000000000033 2.01233113 1.60639871 0.69721411 0.98409062
11.900000000000034 1.79480314 1.5122737 0.71062804 0.98335708
11.950000000000035 2.00042488 1.53479036 0.72637391 1.00105375
12.000000000000036 1.83977629 1.46817782 0.74989944 0.99450171
12.050000000000036 1.83347008 1.43561906 0.7579648 1.00533793
12.100000000000037 1.96057495 1.43172346 0.78471361 1.00619516
12.150000000000038 1.67814359 1.34922624 0.79534475 1.00552719
12.200000000000038 1.97698062 1.36875415 0.81366392 1.01570148
12.250000000000039 1.69226902 1.29656192 0.83460925 1.00539376
12.30000000000004 1.77245781 1.27994824 0.84232384 1.0134946
12.35000000000004 1.86448717 1.26167686 0.86816175 1.0069075
12.400000000000041 1.50769068 1.19729721 0.87519969 1.00678556
12.450000000000042 1.95895233 1.21390469 0.89359735 1.00847992
12.500000000000043 1.44389782 1.14503821 0.90917933 0.99996279
12.550000000000043 1.69966475 1.14459151 0.91626818 1.00428223
12.600000000000044 1.63713739 1.11767418 0.93694665 0.99643304
12.650000000000045 1.21207337 1.07575039 0.9408729 0.99758547
12.700000000000045 1.95987842 1.09033299 0.95583138 0.99532278
12.750000000000046 0.9729474 1.03229942 0.96496838 0.99244214
12.800000000000047 1.57574235 1.04747032 0.97044688 0.99409534
12.850000000000048 1.02465359 1.01768232 0.98270914 0.99181334
12.900000000000048 0.61924949 1.00029146 0.98455049 0.99322086
12.950000000000049 1.56043894 1.01408628 0.99234144 0.99491083
13.00000000000005 0.24852709 0.97210434 0.9957556 0.99588215
13.05000000000005 1.11269517 1.00181143 0.99762861 0.99924897
13.100000000000051 0.12341282 0.97374637 1.00031809 1.00343971
13.150000000000052 0.15806027 0.98120293 1.00051718 1.00482155
13.200000000000053 0.42175693 0.99492675 0.99856566 1.01368544
13.250000000000053 0.25874422 0.9717812 0.99793885 1.01403903
13.300000000000054 2.04492085 1.01429662 0.99382094 1.02293969
13.350000000000055 0.52984433 0.99048827 0.98808977 1.0273778
13.400000000000055 1.26768412 1.02196142 0.98596019 1.03019654
13.450000000000056 1.29850057 1.03486209 0.97393797 1.04136017
13.500000000000057 1.06219892 1.03153123 0.97075126 1.03818551
13.550000000000058 2.0139705 1.08391821 0.9591024 1.05107192
13.600000000000058 1.19587846 1.06483375 0.94759381 1.04840356
13.650000000000059 1.84242991 1.11849756 0.94185067 1.05246519
13.70000000000006 1.62703222 1.12788225 0.92175984 1.05789073
13.75000000000006 1.57814779 1.14434462 0.91674821 1.05074738
13.800000000000061 2.03076689 1.20185947 0.89777522 1.06137555
13.850000000000062 1.56143619 1.18669253 0.88350314 1.04906787
13.900000000000063 2.0135252 1.2594197 0.87327771 1.05159662
13.950000000000063 1.78412516 1.26095109 0.84866498 1.04678011
14.000000000000064 1.83723882 1.29669227 0.84204178 1.03621814
14.050000000000065 2.05268579 1.35254798 0.81777783 1.03966685
14.100000000000065 1.76585421 1.34035415 0.80337277 1.01978397
14.150000000000066 2.0783161 1.42728505 0.78890839 1.0198493
14.200000000000067 1.87964065 1.41595846 0.76384773 1.00424531
14.250000000000068 1.98058742 1.47011646 0.75578131 0.99193839
14.300000000000068 2.07349193 1.51573369 0.7295877 0.98732593
14.350000000000069 1.89244324 1.50655337 0.71696335 0.96484195
14.40000000000007 2.11949216 1.60069193 0.69978865 0.96507275
14.45000000000007 1.9413776 1.57233531 0.67800596 0.94089652
14.500000000000071 2.06786573 1.64345049 0.66896935 0.930061
14.550000000000072 2.08501145 1.66930175 0.64482182 0.91977417
14.600000000000072 1.97527239 1.66497984 0.63505872 0.90062233
14.650000000000073 2.1547581 1.75689072 0.61782611 0.90100273
14.700000000000074 1.97836139 1.71003295 0.60198637 0.87658377
14.750000000000075 2.12153048 1.79521726 0.59298249 0.87080111
14.800000000000075 2.08186828 1.79254027 0.57464542 0.85886037
14.850000000000076 2.02929995 1.7967233 0.5680562 0.84773673
14.900000000000077 2.16842175 1.87474053 0.55415263 0.84728699
14.950000000000077 1.99495908 1.8123456 0.54532922 0.83168473
15.000000000000078 2.14965905 1.90591991 0.53807569 0.83310999
15.050000000000079 2.06151864 1.86944833 0.52815244 0.82373223
15.10000000000008 2.06221108 1.88612272 0.52465275 0.82223592
15.15000000000008 2.15318678 1.93793424 0.51747854 0.82323506
15.200000000000081 1.99502294 1.86781965 0.51504788 0.81897077
15.250000000000082 2.15419254 1.96032597 0.51197636 0.82786616
15.300000000000082 2.0243842 1.8912385 0.51105037 0.82359229
15.350000000000083 2.07832618 1.92191719 0.51079519 0.83021714
15.400000000000084 2.11198372 1.9380564 0.51265805 0.83519753
15.450000000000085 1.98268823 1.87073696 0.51489571 0.83945643
15.500000000000085 2.13627772 1.95002247 0.51861412 0.85425016
15.550000000000086 1.97348779 1.85696653 0.52503877 0.85475255
15.600000000000087 2.07988993 1.89831519 0.52885672 0.86698403
15.650000000000087 2.04971464 1.87621991 0.53990919 0.87518952
15.700000000000088 1.96158914 1.82067682 0.54507302 0.88350438
15.750000000000089 2.10155605 1.87576135 0.55723389 0.90012821
15.80000000000009 1.91272769 1.77219438 0.56795092 0.90329133
15.85000000000009 2.06853519 1.81660312 0.57701179 0.91913005
15.900000000000091 1.97148091 1.76210808 0.59504467 0.92595844
15.950000000000092 1.93432334 1.72246687 0.60213965 0.93524067
16.000000000000092 2.05103524 1.74797254 0.62238683 0.94961349
16.050000000000093 1.84427814 1.6472229 0.63428203 0.95157918
16.100000000000094 2.04654446 1.68648126 0.6491098 0.96887893
16.150000000000095 1.87993998 1.61117921 0.67046848 0.96904558
16.200000000000095 1.90319766 1.5868627 0.67914232 0.97799268
16.250000000000096 1.98479165 1.58455621 0.70496665 0.98612214
16.300000000000097 1.76642913 1.49626645 0.71580359 0.98501062
16.350000000000097 2.01459386 1.52535356 0.73545217 1.00098813
16.400000000000098 1.77045261 1.442078 0.75636002 0.99243264
16.4500000000001 1.87090587 1.43053365 0.76627717 1.00058997
16.5000000000001 1.89881015 1.40731277 0.79379338 1.0004736
16.5500000000001 1.67061055 1.33698508 0.80238811 0.99739547
16.6000000000001 1.96862294 1.35531232 0.82435424 1.00886417
16.6500000000001 1.62296801 1.27492138 0.84184788 0.99500544
16.700000000000102 1.83973104 1.27414909 0.85220335 1.00268871
16.750000000000103 1.76627316 1.23873541 0.87720942 0.99588637
16.800000000000104 1.5319795 1.1890839 0.88320269 0.99382331
16.850000000000104 1.92523208 1.19931539 0.90394029 0.99865426
16.900000000000105 1.38307534 1.12964274 0.91628314 0.98679353
16.950000000000106 1.8095903 1.1390965 0.92567684 0.99501885
17.000000000000107 1.49657795 1.09946573 0.94456021 0.98575807
17.050000000000107 1.27840667 1.07182711 0.94811256 0.98810688
17.100000000000108 1.82962644 1.07779096 0.96378154 0.98950079
17.15000000000011 0.93013647 1.02390769 0.97056976 0.98363902
17.20000000000011 1.77689885 1.04405988 0.97708716 0.99293174
17.25000000000011 0.87094804 1.00608789 0.9875461 0.98613087
17.30000000000011 0.72083945 1.00124228 0.98896743 0.9941578
17.35000000000011 1.15513317 1.00599071 0.99625933 0.99520906
17.400000000000112 0.26361081 0.97095053 0.99829442 0.99708851
17.450000000000113 1.97333165 1.0021938 0.999697 1.00644037
17.500000000000114 0.15465973 0.96930776 1.00128212 1.00524881
17.550000000000114 0.4062928 0.98771784 1.00054308 1.016075
17.600000000000115 0.43632467 0.99217853 0.9975711 1.01854224
17.650000000000116 0.41036703 0.97788774 0.99637531 1.02531794
17.700000000000117 2.21030186 1.01918246 0.99054654 1.03297368
17.750000000000117 0.6068394 0.99286236 0.9847915 1.03622356
17.800000000000118 1.60147034 1.03429443 0.98112243 1.04454373
17.85000000000012 1.20658646 1.03685916 0.96819593 1.04841876
17.90000000000012 1.2279225 1.04475272 0.96515196 1.05287828
17.95000000000012 2.02504704 1.09244154 0.95095083 1.0583798
18.00000000000012 1.24088265 1.07334804 0.94076229 1.05956698
18.05000000000012 2.01475356 1.13582221 0.93282398 1.06226931
18.100000000000122 1.56651707 1.13315622 0.91261114 1.06417282
18.150000000000123 1.71196984 1.16416339 0.9081778 1.06056842
18.200000000000124 2.00585738 1.21170836 0.88638043 1.0634895
18.250000000000124 1.60776691 1.20076096 0.87478075 1.0557361
18.300000000000125 2.10280712 1.27936204 0.86162903 1.05320282
18.350000000000126 1.75136755 1.26808419 0.8383061 1.0483119
18.400000000000126 1.94519534 1.32169736 0.83203519 1.03698316
18.450000000000127 2.01912256 1.36086196 0.80557267 1.03568007
18.500000000000128 1.81973512 1.35945215 0.79458703 1.01789569
18.55000000000013 2.11844362 1.44611773 0.77679367 1.01457635
18.60000000000013 1.86777357 1.42425378 0.75455084 0.9985475
18.65000000000013 2.06328807 1.49747699 0.74599409 0.98426672
18.70000000000013 2.03954346 1.52032703 0.71910043 0.9775613
18.75000000000013 1.94938222 1.52966128 0.70956141 0.95523834
18.800000000000132 2.13855629 1.61439427 0.68951246 0.95367105
18.850000000000133 1.94460515 1.58182496 0.67137196 0.92939935
18.900000000000134 2.12117293 1.6690546 0.66103144 0.91809665
18.950000000000134 2.05454882 1.66952486 0.63788584 0.90697935
19.000000000000135 2.02825141 1.68996553 0.6300076 0.88773932
19.050000000000136 2.14884898 1.76259571 0.61121571 0.88750538
19.100000000000136 1.99107761 1.72083219 0.59867589 0.863954
19.150000000000137 2.1416835 1.81469583 0.5882505 0.86127315
19.200000000000138 2.05649029 1.78928861 0.57192933 0.84776464
19.25000000000014 2.07146028 1.82027685 0.5659331 0.8375425
19.30000000000014 2.14329457 1.87177723 0.55199683 0.83874992
19.35000000000014 2.01171078 1.8237826 0.54524364 0.82332276
19.40000000000014 2.13877014 1.91611773 0.53724544 0.83211137
19.45000000000014 2.04147197 1.8642413 0.52922067 0.81862343
19.500000000000142 2.08821662 1.90451355 0.5256398 0.82017224
19.550000000000143 2.11959379 1.92780689 0.51936559 0.82275426
19.600000000000144 2.01059262 1.87800911 0.51765205 0.81878551
19.650000000000144 2.12399435 1.96046189 0.51480701 0.83589223
19.700000000000145 2.00864492 1.88488854 0.51481829 0.82622608
19.750000000000146 2.08600358 1.93240636 0.51457019 0.83861661
19.800000000000146 2.07684996 1.92318432 0.51733343 0.84169616
19.850000000000147 1.99280795 1.87722467 0.51942469 0.84839405
19.900000000000148 2.10446983 1.94167989 0.52404173 0.86571976
19.95000000000015 1.95957092 1.84899343 0.53025063 0.86403523
20.00000000000015 2.07201348 1.90040994 0.53458378 0.88275212
20.05000000000015 2.01553471 1.85832804 0.5458878 0.88511336
20.10000000000015 1.96488396 1.82199819 0.55062001 0.898493
20.15000000000015 2.07535973 1.86147812 0.56388683 0.91027251
20.200000000000152 1.89760662 1.7617905 0.57343131 0.91590486
20.250000000000153 2.05287714 1.81196724 0.5836309 0.93436143
20.300000000000153 1.93674845 1.74188649 0.6010251 0.93530137
20.350000000000154 1.93452165 1.71924357 0.60783969 0.94955025
20.400000000000155 2.02624873 1.72971138 0.62910415 0.95547884
20.450000000000156 1.82704028 1.63483571 0.63911305 0.96259769
20.500000000000156 2.0328337 1.67742001 0.65578592 0.97556147
20.550000000000157 1.84060762 1.58950605 0.67547966 0.97468767
20.600000000000158 1.90946437 1.58119256 0.68449868 0.98462561
20.65000000000016 1.95371127 1.56366038 0.71095384 0.98607029
20.70000000000016 1.75118822 1.48391573 0.71961708 0.98955951
20.75000000000016 2.0111732 1.51351492 0.7417558 0.99612067
20.80000000000016 1.72309463 1.42101748 0.75995557 0.99257596
20.85000000000016 1.89600001 1.424373 0.77129572 0.99699712
20.900000000000162 1.84973621 1.3855257 0.7985994 0.9952946
20.950000000000163 1.66794665 1.32701806 0.80550587 0.99371418
21.000000000000163 1.98735764 1.34183326 0.8300692 0.99642506
21.050000000000164 1.56802044 1.25717458 0.84430521 0.98996329
21.100000000000165 1.89924069 1.26848176 0.85708429 0.99246606
21.150000000000166 1.68312625 1.21854316 0.88080446 0.98847185
21.200000000000166 1.55995592 1.1829374 0.88626662 0.98503146
21.250000000000167 1.92745293 1.18560251 0.90885622 0.98795655
21.300000000000168 1.32685333 1.11733959 0.91837238 0.97973123
21.35000000000017 1.92832938 1.13436088 0.93033922 0.98536454
21.40000000000017 1.36451524 1.08338908 0.94731225 0.98018649
21.45000000000017 1.36700038 1.06991826 0.95140132 0.98042017
21.50000000000017 1.70304239 1.06568713 0.96767239 0.98503486
21.55000000000017 0.88926545 1.01810438 0.97286876 0.97922743
21.600000000000172 2.00097742 1.04080651 0.98097356 0.99087785
21.650000000000173 0.73367862 0.9959426 0.98985253 0.98582703
21.700000000000173 0.91874148 1.00353097 0.99196614 0.99319284
21.750000000000174 0.87244839 0.99731116 0.99888468 0.99892718
21.800000000000175 0.3066333 0.9718909 1.00057418 0.99852381
21.850000000000176 2.1048166 1.00119006 1.00194591 1.01379082
21.900000000000176 0.21217348 0.96600399 1.00306539 1.01038995
21.950000000000177 0.93873417 0.9940577 1.00208127 1.02382388
22.000000000000178 0.51841134 0.98819818 0.99857688 1.02813383
22.05000000000018 0.6314519 0.98532024 0.99753897 1.03244814
22.10000000000018 1.99033748 1.02108608 0.99030402 1.04615745
22.15000000000018 0.72744909 0.99647327 0.98528833 1.04329327
22.20000000000018 1.90949849 1.04437917 0.97993662 1.05769452
22.25000000000018 1.19152281 1.03796574 0.96703956 1.05707427
22.300000000000182 1.4199853 1.05797906 0.96380361 1.06231665
22.350000000000183 1.95882849 1.09737127 0.9476192 1.0693616
22.400000000000183 1.3223788 1.08315949 0.93887495 1.06406811
22.450000000000184 2.11470934 1.14901974 0.92814347 1.07294565
22.500000000000185 1.55546182 1.13864803 0.90874308 1.06542971
22.550000000000185 1.83404108 1.18208156 0.90344292 1.06688516
22.600000000000186 1.97923612 1.21881247 0.87981425 1.06418523
22.650000000000187 1.66608445 1.21546317 0.8698432 1.05488946
22.700000000000188 2.15759002 1.29450157 0.85347964 1.05526006
22.75000000000019 1.74645202 1.27631953 0.83165355 1.04088075
22.80000000000019 2.03197611 1.34301234 0.82403801 1.0354393
22.85000000000019 2.0021083 1.36810194 0.7963203 1.02484064
22.90000000000019 1.86851079 1.37770898 0.7869408 1.0112255
22.95000000000019 2.17781028 1.46107455 0.76606342 1.00442132
23.000000000000192 1.86486043 1.43344008 0.74593245 0.98605202
23.050000000000193 2.13261852 1.52060975 0.73578843 0.97460092
23.100000000000193 2.01899336 1.52501023 0.70855894 0.96126283
23.150000000000194 1.99587588 1.55060422 0.70046154 0.94470251
23.200000000000195 2.17254139 1.62588599 0.67791471 0.93588002
23.250000000000195 1.94438102 1.59108652 0.66236468 0.91689797
23.300000000000196 2.17547953 1.69145213 0.65033964 0.90531538
23.350000000000197 2.027479 1.66965904 0.62804285 0.89303206
23.400000000000198 2.07392061 1.71274578 0.62113986 0.87769098
23.4500000000002 2.15228184 1.76702027 0.6009991 0.8725158
23.5000000000002 1.99560555 1.73048351 0.59102326 0.85569437
23.5500000000002 2.17421452 1.83248731 0.57921038 0.85282105
23.6000000000002 2.02573442 1.78474398 0.56469446 0.84091559
23.6500000000002 2.11343463 1.8429314 0.55908113 0.83280066
23.700000000000202 2.12095431 1.86689339 0.54527292 0.83263813
23.750000000000203 2.02176534 1.83434289 0.54038158 0.82191522
23.800000000000203 2.14944493 1.9251623 0.53194026 0.83125053
23.850000000000204 2.01151412 1.85664262 0.52582241 0.81981238
23.900000000000205 2.12144787 1.92362467 0.52246362 0.82322635
23.950000000000205 2.0795063 1.91390765 0.51737625 0.82572741
24.000000000000206 2.02547996 1.8889574 0.51658373 0.82430935
24.050000000000207 2.11735728 1.95820857 0.51456643 0.8402531
24.100000000000207 1.98346361 1.87642031 0.5156373 0.83357339
24.150000000000208 2.10488799 1.94422514 0.51619749 0.84860113
24.20000000000021 2.02753966 1.90290954 0.52011887 0.85035078
24.25000000000021 2.01114787 1.88672275 0.52265747 0.85824197
24.30000000000021 2.07739383 1.92839818 0.52891886 0.87402969
24.35000000000021 1.94227962 1.84114816 0.53497863 0.8738053
24.40000000000021 2.07153425 1.90255385 0.54111556 0.89635889
24.450000000000212 1.96472674 1.83541641 0.55247074 0.89470294
24.500000000000213 1.98500191 1.8277063 0.55796117 0.90883919
24.550000000000214 2.02814344 1.84014445 0.57265303 0.91971723
24.600000000000215 1.89044636 1.754809 0.58124232 0.92389262
24.650000000000215 2.02995669 1.80455097 0.59393133 0.94709442
24.700000000000216 1.89082028 1.71963723 0.60987026 0.94123414
24.750000000000217 1.95459236 1.71959657 0.61820028 0.95729221
24.800000000000217 1.96844644 1.70470459 0.6397445 0.9604951
24.850000000000218 1.83108639 1.62807284 0.6487025 0.96606352
24.90000000000022 1.99045888 1.66303915 0.66777377 0.98222529
24.95000000000022 1.80388559 1.56979944 0.68488092 0.97415206
25.00000000000022 1.92851776 1.57640919 0.69598954 0.98802916
25.05000000000022 1.89374066 1.53899469 0.72133192 0.98322235
25.10000000000022 1.76646717 1.47690809 0.72925794 0.98848644
25.150000000000222 1.96709435 1.49605792 0.7530855 0.99293364
25.200000000000223 1.69653209 1.40453046 0.76821719 0.98642446
25.250000000000224 1.91670601 1.41653085 0.78174332 0.99511142
25.300000000000225 1.7893338 1.36377458 0.80691243 0.98558284
25.350000000000225 1.69574251 1.32042949 0.81340546 0.99002504
25.400000000000226 1.94745262 1.32483609 0.8388169 0.98629369
25.450000000000227 1.54813319 1.24444055 0.84997994 0.98270089
25.500000000000227 1.93182014 1.26047179 0.86473517 0.9857473
25.550000000000228 1.61446219 1.20109383 0.8858175 0.9777815
25.60000000000023 1.60926922 1.17848647 0.89118391 0.98097586
25.65000000000023 1.86706008 1.17131949 0.91389593 0.97679184
25.70000000000023 1.30659673 1.10940611 0.92075293 0.97635915
25.75000000000023 1.99519609 1.12848878 0.93430683 0.9776928
25.80000000000023 1.26911689 1.07125742 0.94864802 0.9759495
25.850000000000232 1.4682743 1.06936927 0.95301857 0.97856881
25.900000000000233 1.5580098 1.05526629 0.96880126 0.98073228
25.950000000000234 0.86063598 1.01619288 0.97229506 0.98217662
26.000000000000234 2.17381465 1.03810312 0.98124749 0.98823309
26.050000000000235 0.62607446 0.99004594 0.98820593 0.99134902
26.100000000000236 1.15338013 1.00771954 0.99068731 0.99652989
26.150000000000237 0.67167377 0.9913188 0.99683304 1.00545591
26.200000000000237 0.31512825 0.9767051 0.99805449 1.00729945
26.250000000000238 2.16553414 1.00160322 0.99918488 1.02050201
26.30000000000024 0.24223067 0.96692621 0.9998556 1.02288836
26.35000000000024 1.6388177 1.00259837 0.99857426 1.03306194
26.40000000000024 0.5371883 0.98687329 0.99474811 1.04188
26.45000000000024 0.85949154 0.99667282 0.99399701 1.04392969
26.50000000000024 1.74660229 1.02397682 0.98560376 1.05903052
26.550000000000242 0.85037825 1.00429174 0.98182419 1.05621911
26.600000000000243 2.1181771 1.05590695 0.97487865 1.06884305
26.650000000000244 1.19187005 1.04132154 0.96288945 1.06981183
26.700000000000244 1.63267202 1.07472115 0.95965518 1.07104629
26.750000000000245 1.8524822 1.10195148 0.94219967 1.07996123
26.800000000000246 1.4385829 1.09737204 0.93570739 1.07044973
26.850000000000247 2.11805263 1.16163932 0.92219779 1.08112809
26.900000000000247 1.57293238 1.14652744 0.90512742 1.06958573
26.950000000000248 1.95554812 1.20216067 0.89870912 1.06776359
27.00000000000025 1.93087493 1.22446882 0.87460859 1.06595608
27.05000000000025 1.7586504 1.23478882 0.86673431 1.05079203
27.10000000000025 2.15618103 1.30634217 0.84726307 1.0555589
27.15000000000025 1.77621273 1.28819231 0.82857424 1.03336473
27.20000000000025 2.09037129 1.36376899 0.81869524 1.02769096
27.250000000000252 1.98309377 1.374404 0.79166908 1.0158321
27.300000000000253 1.93487335 1.39991094 0.78333563 0.99831555
27.350000000000254 2.17263537 1.47077409 0.76000887 0.99560523
27.400000000000254 1.89464011 1.44795034 0.74282816 0.96982762
27.450000000000255 2.152762 1.53947083 0.7299988 0.96276805
27.500000000000256 2.01307588 1.5312083 0.70426798 0.9446923
27.550000000000257 2.03847917 1.57285176 0.69606239 0.92941624
27.600000000000257 2.16956544 1.63253408 0.67219826 0.92168394
27.650000000000258 1.96573942 1.6059559 0.65873039 0.89963524
27.70000000000026 2.17822003 1.70663997 0.64444652 0.89578209
27.75000000000026 2.02258855 1.67413409 0.62382263 0.87614945
27.80000000000026 2.09931279 1.73266656 0.61618041 0.86698804
27.85000000000026 2.14818214 1.7694271 0.59573751 0.85870891
27.90000000000026 2.00618719 1.74341119 0.58689608 0.84538914
27.950000000000262 2.18255005 1.84287513 0.57370126 0.84707519
28.000000000000263 2.01393762 1.78543293 0.56062113 0.83165794
28.050000000000264 2.12986853 1.85939867 0.55423329 0.8302863
28.100000000000264 2.1086671 1.86317799 0.54084685 0.82586715
28.150000000000265 2.02504835 1.84437499 0.53637066 0.8222941
28.200000000000266 2.16782346 1.92929544 0.52755389 0.82785918
28.250000000000266 1.99088788 1.85256829 0.52241518 0.82213187
28.300000000000267 2.13527576 1.93612183 0.51869434 0.82853353
28.350000000000268 2.05353162 1.90252431 0.51445621 0.82963354
28.40000000000027 2.02791663 1.89669626 0.5136275 0.83371309
28.45000000000027 2.12657297 1.95405216 0.51229027 0.84340094
28.50000000000027 1.95801937 1.86875257 0.51361012 0.8452314
28.55000000000027 2.11771466 1.95149361 0.51469508 0.85896997
28.60000000000027 1.98765729 1.8843398 0.51933023 0.86260321
28.650000000000272 2.01851436 1.89286175 0.52184955 0.87177041
28.700000000000273 2.06499364 1.91471366 0.52960155 0.88390193
28.750000000000274 1.91931416 1.83238628 0.53503929 0.88842436
28.800000000000274 2.07912722 1.90254645 0.54298846 0.90794029
28.850000000000275 1.91619118 1.81252515 0.55411281 0.90839668
28.900000000000276 2.00049083 1.83163235 0.56035938 0.92079552
28.950000000000276 1.99235349 1.81803738 0.57652609 0.93021811
29.000000000000277 1.87759179 1.74691574 0.58401278 0.9346778
29.050000000000278 2.02771062 1.79599608 0.59964347 0.95431777
29.10000000000028 1.84192068 1.69625815 0.61392086 0.94933337
29.15000000000028 1.97886813 1.71973263 0.62438785 0.96298178
29.20000000000028 1.91399808 1.67760939 0.64630604 0.96482912
29.25000000000028 1.83507402 1.6215106 0.65451634 0.96852164
29.30000000000028 1.9799767 1.646839 0.67676557 0.98088822
29.350000000000282 1.76355963 1.54904744 0.69107415 0.97305982
29.400000000000283 1.95961907 1.57173157 0.70557989 0.98581884
29.450000000000284 1.82787177 1.5113022 0.72958204 0.97883916
29.500000000000284 1.79339992 1.47117651 0.73778164 0.98219164
29.550000000000285 1.9372485 1.4752685 0.7638816 0.98547569
29.600000000000286 1.67338546 1.38810817 0.77595759 0.97718636
29.650000000000286 1.9476728 1.40767221 0.79323577 0.98785867
29.700000000000287 1.7189834 1.33934564 0.81562673 0.97496929
29.750000000000288 1.75214882 1.3151915 0.82335896 0.97946613
29.80000000000029 1.88135787 1.30353503 0.84947864 0.97643844
29.85000000000029 1.55023772 1.23295703 0.85813659 0.9706294
29.90000000000029 1.94267158 1.24969982 0.87586724 0.97926315
29.95000000000029 1.5453363 1.18244238 0.89365218 0.96629552
30.00000000000029 1.70608765 1.17429858 0.90047553 0.97378004
30.050000000000292 1.75661038 1.1532113 0.92250799 0.96879036
30.100000000000293 1.34079009 1.10310888 0.92762878 0.96914989
30.150000000000293 1.94558731 1.11879648 0.94272322 0.9759511
30.200000000000294 1.20820065 1.05955044 0.95416184 0.9695796
30.250000000000295 1.64184961 1.06763526 0.95936659 0.98032743
30.300000000000296 1.38438957 1.04271167 0.97381185 0.97782985
30.350000000000296 0.92998102 1.01549497 0.97607084 0.98554916
30.400000000000297 2.01591137 1.03198164 0.98516794 0.99157641
30.450000000000298 0.60676843 0.98561755 0.99012167 0.99446909
30.5000000000003 1.61530442 1.00998703 0.99242328 1.00615838
30.5500000000003 0.57466246 0.98514078 0.99732778 1.00901882
30.6000000000003 0.46129556 0.98217853 0.99756404 1.02010145
30.6500000000003 1.44382022 1.00012492 0.9978463 1.02714622
30.7000000000003 0.34770729 0.96977417 0.99765124 1.0348616
30.750000000000302 2.56814761 1.00961727 0.99515707 1.04452568
30.800000000000303 0.58394176 0.98680137 0.99079231 1.05108239
30.850000000000303 1.17672843 1.0086145 0.98920042 1.05873859
30.900000000000304 1.54174637 1.02662293 0.9794567 1.06649623
30.950000000000305 0.99793649 1.01427428 0.9761169 1.07047909
31.000000000000306 2.28967142 1.06694743 0.96695647 1.07675125
31.050000000000306 1.20378579 1.04663556 0.95570691 1.08015359
31.100000000000307 1.86594793 1.09255355 0.9514724 1.08063531
31.150000000000308 1.75204473 1.10716954 0.93285561 1.08547165
31.20000000000031 1.56660337 1.11411955 0.9279193 1.07921833
31.25000000000031 2.18366184 1.17445648 0.91140349 1.08256537
31.30000000000031 1.59093386 1.1565687 0.89670137 1.07476511
31.35000000000031 2.09255107 1.22392276 0.88860105 1.06900039
31.40000000000031 1.87162079 1.23058098 0.86440399 1.06600329
31.450000000000312 1.866526 1.25732015 0.85839489 1.05024041
31.500000000000313 2.15355794 1.31789098 0.83584415 1.04972054
31.550000000000313 1.80788659 1.30251433 0.82081453 1.0298392
31.600000000000314 2.15767631 1.3861006 0.80838694 1.02099866
31.650000000000315 1.94893344 1.38039269 0.78287602 1.0086541
31.700000000000315 2.02106494 1.42613282 0.77569581 0.98931153
31.750000000000316 2.14496823 1.47836721 0.75024104 0.98450694
31.800000000000317 1.93419683 1.46598646 0.73695489 0.95887496
31.850000000000318 2.16735791 1.55836241 0.72123961 0.95311469
31.90000000000032 1.99614256 1.53697798 0.69835278 0.93238898
31.95000000000032 2.09926156 1.59943331 0.69008824 0.9162767
32.00000000000032 2.13580768 1.63485976 0.66570389 0.90889344
32.05000000000032 2.00540355 1.62641567 0.65520233 0.88608292
32.100000000000314 2.16888642 1.71870491 0.63862316 0.8875807
32.15000000000031 2.0168994 1.68006597 0.62116404 0.86364516
32.20000000000031 2.13186203 1.75562153 0.61257931 0.85626558
32.250000000000306 2.11550347 1.76684897 0.59303818 0.84885397
32.3000000000003 2.03896489 1.76389317 0.58567191 0.83535661
32.3500000000003 2.16395787 1.8465235 0.57141774 0.8420852
32.4000000000003 2.01407577 1.7914458 0.56074256 0.824051
32.450000000000294 2.13454559 1.87529262 0.55333682 0.82825133
32.50000000000029 2.0797414 1.85700271 0.54140862 0.822326
32.55000000000029 2.04598798 1.86171485 0.53717247 0.82084423
32.600000000000286 2.14135345 1.92505703 0.52847415 0.82953482
32.65000000000028 1.99169823 1.85742587 0.52446351 0.822643
32.70000000000028 2.11738966 1.94335916 0.52030752 0.83725481
32.75000000000028 2.02826487 1.8936385 0.51717426 0.83309167
32.800000000000274 2.03570701 1.90822292 0.51604562 0.84231461
32.85000000000027 2.09811914 1.94360207 0.51543208 0.85058565
32.90000000000027 1.95540043 1.87052925 0.51673418 0.85408942
32.950000000000266 2.08843101 1.95067446 0.51815761 0.87364915
33.00000000000026 1.96360302 1.87252139 0.52306881 0.87140973
33.05000000000026 2.01690116 1.89778945 0.52537415 0.88664103
33.10000000000026 2.0369166 1.8993434 0.53388674 0.89288586
33.150000000000254 1.91229282 1.83003093 0.53854708 0.9022116
33.20000000000025 2.05567655 1.89533324 0.5475402 0.91881938
33.25000000000025 1.89008113 1.79739645 0.55796429 0.91933717
