0.0 0.1579214259884712 4.013881927579293
4.39 0.15792122030783787 4.014245217448824
8.78 0.15792043773022596 4.0142170969746775
13.169999999999998 0.15791858289735428 4.0141921427391
17.56 0.15791483431557676 4.014163839098311
21.95 0.15790805049842185 4.014125566098041
26.339999999999996 0.15789677850014774 4.014070107779509
30.729999999999997 0.15787926478369793 4.013989574629071
35.12 0.15785346837100273 4.013874792197337
39.51 0.15781707619165597 4.013714652791051
43.9 0.1577675204216995 4.013498500536201
48.29 0.15770199786773612 4.013213068284418
52.67999999999999 0.15761749112889778 4.012844618316659
57.06999999999999 0.1575107913149154 4.012378496171809
61.459999999999994 0.15737852230812616 4.011799432242681
65.85 0.1572171663384679 4.011090591626152
70.24 0.15702309044501014 4.010235392215102
74.63 0.15679257395962085 4.009215561372502
79.02 0.15652183652894552 4.008013204072878
83.41 0.15620706663586298 4.00660985002899
87.8 0.1558444500051115 4.004986199929006
92.19 0.155430198518339 4.003123241793913
96.58 0.1549605781432662 4.001001838506785
100.97 0.1544319370754044 3.9986025905050386
105.35999999999999 0.15384073259028105 3.995906754924661
109.74999999999999 0.15318355802325934 3.9928951948185953
114.13999999999999 0.15245716707146706 3.9895495896676456
118.52999999999999 0.15165849943798798 3.9858517733867984
122.91999999999999 0.15078470262242127 3.9817842441962403
127.30999999999999 0.14983315414194923 3.9773303752014906
131.7 0.1488014821887643 3.9724736445784212
136.09 0.1476875835025425 3.9671990995586395
140.48 0.14648964206562384 3.961492409177032
144.86999999999998 0.14520614330132015 3.955339975984206
149.26 0.14383589036387642 3.9487297418222327
153.64999999999998 0.14237801442146208 3.9416506982355504
158.04 0.14083198852680526 3.9340928161005997
162.42999999999998 0.13919763437514102 3.9260476088241076
166.82 0.13747513298269412 3.9175079678573885
171.20999999999998 0.13566502897543326 3.9084677558858107
175.6 0.1337682365192363 3.8989229422768084
179.98999999999998 0.13178604240471642 3.8888704499072446
184.38 0.1297201062271172 3.8783087613625424
188.76999999999998 0.1275724622126746 3.8672381117822905
193.16 0.1253455149698393 3.8556599783093093
197.54999999999998 0.12304203748411406 3.8435776452046397
201.94 0.12066516446164609 3.8309955076700293
206.32999999999998 0.11821838368217179 3.8179199397169437
210.71999999999997 0.11570552901618032 3.8043584204800345
215.10999999999999 0.1131307670256438 3.7903201456117803
219.49999999999997 0.11049858395468769 3.7758155870381818
223.89 0.10781376927905358 3.760856812183533
228.27999999999997 0.10508140115003069 3.7454570103402367
232.67 0.1023068234547646 3.729630708792258
237.05999999999997 0.09949562696577706 3.713393726381178
241.45 0.09665362559858379 3.696763121035258
245.83999999999997 0.09378683153122472 3.679756898284721
250.23 0.09090142794198754 3.6623940040795797
254.61999999999998 0.08800374294197265 3.644694694103246
259.01 0.08510022090304534 3.626679652767792
263.4 0.0821973886779946 3.608370737376241
267.78999999999996 0.07930182908200369 3.589790215895108
272.18 0.07642014402756896 3.5709610261932547
276.57 0.07355892781460256 3.5519064785481658
280.96 0.07072472944359179 3.532650634926352
285.34999999999997 0.0679240231816683 3.513217555343182
289.73999999999995 0.0651631742129813 3.4936316550770754
294.13 0.06244840882124318 3.473917114771916
298.52 0.059785780432218535 3.454098681663323
302.90999999999997 0.057181142529312376 3.434200467558415
307.29999999999995 0.05464011881900769 3.414246651617349
311.69 0.05216807387426443 3.3942611467599115
316.08 0.04977009224875941 3.374267481187748
320.46999999999997 0.04745095177425783 3.3542883905317953
324.85999999999996 0.045215102583308034 3.3343465795337974
329.25 0.043066652386496394 3.3144635521981756
333.64 0.041009345300858695 3.2946605358326586
338.03 0.03904655554068308 3.274957633283474
342.41999999999996 0.03718127182986921 3.2553740332177603
346.81 0.03541609669744691 3.2359282869622046
351.2 0.03375323862291377 3.2166375915211622
355.59 0.03219451804725324 3.1975181269374273
359.97999999999996 0.030741365520919977 3.1785852137258854
364.36999999999995 0.029394834732361787 3.159852599917863
368.76 0.028155608748586195 3.1413331498938546
373.15 0.027024015951189594 3.1230381893964614
377.53999999999996 0.026000049173817118 3.1049779522165912
381.92999999999995 0.025083381002821575 3.0871613253651344
386.32 0.0242733907771642 3.0695960367759993
390.71 0.023569187314148126 3.052288287088982
395.09999999999997 0.022969636560895394 3.035243074790675
399.48999999999995 0.022473391286652024 3.01846427033003
403.88 0.022078918572977377 3.0019541275404964
408.27 0.021784535245573146 2.9857138808333987
412.65999999999997 0.021588436452251118 2.9697434607526785
417.04999999999995 0.021488728242124555 2.954041609897939
421.43999999999994 0.021483462033108115 2.9386060119604074
425.83 0.0215706657423552 2.9234330625896807
430.21999999999997 0.02174837204782323 2.9085182362048636
434.60999999999996 0.022014654201607132 2.8938557903848507
438.99999999999994 0.02236764952913594 2.8794392317097204
443.39 0.022805589336548013 2.865261127972268
447.78 0.023326824651198674 2.8513130227298187
452.16999999999996 0.0239298491156468 2.837586034987989
456.55999999999995 0.02461332055050094 2.8240702242873565
460.95 0.025376079859474446 2.810755255564058
465.34 0.026217166691794875 2.7976302000242823
469.72999999999996 0.027135834863281517 2.7846837089379943
474.11999999999995 0.028131560907915583 2.7719038862666334
478.51 0.02920405409026409 2.7592787433966137
482.9 0.0303532605311107 2.7467958139456194
487.28999999999996 0.03157936218779812 2.734442857685132
491.67999999999995 0.03288278223141475 2.722207137969584
496.06999999999994 0.034264171678239676 2.7100763422904364
500.46 0.035724408564421765 2.6980380350190583
504.84999999999997 0.03726458178874647 2.6860800894179393
509.23999999999995 0.03888597945365232 2.6741905130043695
513.63 0.040590069440284975 2.662357813200167
518.02 0.04237847837036249 2.6505708488686266
522.41 0.04425296759564805 2.6388188766803125
526.8 0.04621540588393682 2.6270919050122212
531.1899999999999 0.048267740127618405 2.6153803314632595
535.5799999999999 0.050411960770945924 2.6036754755588336
539.9699999999999 0.05265007166868544 2.5919690846854153
544.36 0.054984049489089096 2.5802538475492356
548.75 0.05741580483270629 2.568523320941664
553.14 0.05994714988009448 2.5567716982253845
557.53 0.06257975052572316 2.5449942369538205
561.92 0.06531509353479377 2.533186866928848
566.31 0.06815444132793645 2.521346689315084
570.6999999999999 0.07109879799337075 2.5094714849049717
575.0899999999999 0.07414886863802472 2.4975601527883087
579.4799999999999 0.07730502687807336 2.485612420304564
583.87 0.08056728123653567 2.4736288879226125
588.26 0.08393524328511343 2.4616111635543843
592.65 0.0874081038340143 2.4495617247225074
597.04 0.09098460577376868 2.4374839880403574
601.43 0.09466303152606954 2.4253820466075804
605.8199999999999 0.0984411800533926 2.4132610658707883
610.2099999999999 0.10231636445415355 2.4011268324425403
614.5999999999999 0.10628539905681933 2.38898602118521
618.99 0.11034460676001731 2.3768458940967387
623.38 0.11448981559094137 2.3647145497426187
627.77 0.11871637223585965 2.3526006337181133
632.16 0.12301915704940303 2.340513321666534
636.55 0.1273925991434209 2.3284623427332383
640.9399999999999 0.1318306973706307 2.31645800582518
645.3299999999999 0.13632705533023282 2.3045108548803444
649.7199999999999 0.14087490549569207 2.292631896503454
654.1099999999999 0.14546714983168535 2.280832262318205
658.5 0.15009639266990454 2.269123376936501
662.89 0.15475498269756713 2.2575168606181757
667.28 0.15943506229580623 2.246024210293217
671.67 0.16412860719688419 2.2346570282392806
676.06 0.168827476247101 2.223426784466711
680.4499999999999 0.1735234616857161 2.2123447194531383
684.8399999999999 0.1782083335775675 2.2014219446292502
689.2299999999999 0.18287389638517387 2.190669184790339
693.62 0.18751203226858684 2.180096826517563
698.01 0.192114755304958 2.16971475641775
702.4 0.19667425072536016 2.1595324917158356
706.79 0.20118293497957723 2.1495588085919164
711.18 0.20563348537729942 2.1398020023836652
715.5699999999999 0.21001889182087613 2.130269672323009
719.9599999999999 0.21433248833002663 2.1209688016996457
724.3499999999999 0.2185680023825718 2.1119054406255566
728.7399999999999 0.2227195727398194 2.1030850947689697
733.13 0.2267817938375273 2.094512290129003
737.52 0.23074972855182715 2.086190927067489
741.91 0.2346189471780349 2.078123885866208
746.3 0.2383855363445237 2.070313298366747
750.6899999999999 0.24204611768236783 2.0627604650314018
755.0799999999999 0.24559786523472188 2.055465766141483
759.4699999999999 0.24903850980035327 2.0484287680268936
763.8599999999999 0.25236634893785426 2.0416481599932026
768.25 0.2555802455388771 2.03512190125544
772.64 0.2586796384229399 2.028846961891627
777.03 0.2616645303710061 2.0228195839796013
781.42 0.2645354821181386 2.0170353054007766
785.81 0.26729361446923544 2.011488770558877
790.1999999999999 0.2699405876333081 2.006174027240158
794.5899999999999 0.2724785966278467 2.001084373041854
798.9799999999999 0.2749103532119037 1.9962124427764705
803.3699999999999 0.2772390672557691 1.9915502816327058
807.76 0.2794684277093592 1.9870894058637063
812.15 0.28160258318336434 1.9828208395249343
816.54 0.2836461209056977 1.9787350775352102
820.93 0.2856040329425463 1.9748223127913915
825.3199999999999 0.28748168837097376 1.9710724202442245
829.7099999999999 0.28928480592986844 1.9674748924851322
834.0999999999999 0.2910194186347971 1.9640191448912057
838.4899999999999 0.2926918358067737 1.9606944805657338
842.8799999999999 0.2943086068125541 1.9574899863710056
847.27 0.2958764674996422 1.9543949432579069
851.66 0.29740230158020925 1.9513986224613153
856.05 0.2988930982274933 1.948490434727473
860.4399999999999 0.3003558994464618 1.945660066750653
864.8299999999999 0.3017977409006823 1.9428973571062436
869.2199999999999 0.3032255929127636 1.9401925916225993
873.6099999999999 0.3046463120651209 1.937536394897189
877.9999999999999 0.3060665806916937 1.9349198154019527
882.39 0.307492865112692 1.932334478812023
886.78 0.308931340815686 1.9297724421074005
891.17 0.31038781355630957 1.9272263513470116
895.56 0.31186769494081773 1.9246895243995872
899.9499999999999 0.3133759354777401 1.922155769262426
904.3399999999999 0.3149170072003894 1.9196197151897454
908.7299999999999 0.3164948113526804 1.9170765480328886
913.1199999999999 0.3181126446905586 1.9145221852145717
917.5099999999999 0.3197731600904673 1.9119533026586344
921.9 0.3214783402394637 1.9093672068846494
926.29 0.32322953627413636 1.906761943597268
930.68 0.32502738552446636 1.9041363082484177
935.0699999999999 0.3268717640226175 1.901489823646491
939.4599999999999 0.3287617939963539 1.898822647486708
943.8499999999999 0.33069594265941044 1.8961357468986917
948.2399999999999 0.33267204674521034 1.8934306930121207
952.6299999999999 0.3346872240652243 1.890709752487964
957.02 0.3367378650108491 1.8879758123517312
961.41 0.3388197801789846 1.8852324924581576
965.8 0.340928243486071 1.8824839675096894
970.1899999999999 0.34305810900705747 1.8797349012266045
974.5799999999999 0.34520373090801443 1.8769905378258358
978.9699999999999 0.34735889246704 1.8742565752521325
983.3599999999999 0.34951710449428763 1.8715392607382924
987.7499999999999 0.35167164892360875 1.8688452150469754
992.1399999999999 0.35381573918325687 1.8661813281739825
996.53 0.35594228849960385 1.863554641172585
1000.92 0.35804439303692115 1.8609727478826146
1005.31 0.36011435729671404 1.858443253067679
1009.6999999999999 0.36214530694347047 1.8559740034935506
1014.0899999999999 0.3641303872286756 1.8535726467390932
1018.4799999999999 0.36606301351942533 1.8512467805484052
1022.8699999999999 0.36793692929955235 1.8490042748869615
1027.26 0.36974529665241873 1.846852756997352
1031.6499999999999 0.3714822446658165 1.8447997777031058
1036.04 0.3731426306735469 1.8428522928709976
1040.4299999999998 0.3747222706642187 1.8410170058592727
1044.82 0.3762155781548989 1.8393004244599511
1049.21 0.3776197693437182 1.8377091830865049
1053.6 0.3789295288805675 1.8362490127720872
1057.99 0.38014372330988433 1.834925019655283
1062.3799999999999 0.38126119750313836 1.8337416964474875
1066.77 0.382280329453423 1.832703445193869
1071.1599999999999 0.3831989937187613 1.831814490966442
1075.55 0.3840171754733137 1.8310784098087183
1079.9399999999998 0.38473697116166294 1.8304974088866566
1084.33 0.3853612154631049 1.8300729504032214
1088.72 0.3858941961697499 1.829806778536174
1093.11 0.38633852539619873 1.829700656239654
1097.5 0.3866957204411628 1.829755291641779
