0.0 1.5454215435003438 1.9507290599717606 0.5386560468667497
0.1 1.5454215425773652 1.9507298600651948 0.5386562678918138
0.2 1.5454214987397388 1.950738023703934 0.5386585275374476
0.30000000000000004 1.5454212159054974 1.9507630991512874 0.5386654976577222
0.4 1.5454205239378465 1.950734388624448 0.5386577141838995
0.5 1.5454196291854576 1.9507283841067282 0.538656260985652
0.6000000000000001 1.5454189206756968 1.950727606307428 0.5386561237111716
0.7000000000000001 1.5454185153507143 1.9507273794608122 0.5386558410534135
0.8 1.5454182255585958 1.9507275704738123 0.5386553793536256
0.9 1.545417895040192 1.9507278602472358 0.5386547353737933
1.0 1.5454176422142365 1.9507282450643106 0.5386538750640317
1.1 1.5454177969073795 1.9507291819293016 0.5386527146760732
1.2000000000000002 1.5454186505517773 1.95073126242347 0.5386511569593245
1.3 1.5454202718893086 1.9507347802686323 0.538649134652421
1.4000000000000001 1.5454225538090092 1.9507396060798725 0.5386466126334266
1.5 1.5454254394683342 1.9507454997047604 0.5386435522878311
1.6 1.5454291033750027 1.9507525769866931 0.5386398771612209
1.7000000000000002 1.5454338960104819 1.9507614835407798 0.5386354793907947
1.8 1.545440094643208 1.950773016162825 0.5386302590050931
1.9000000000000001 1.5454477243070455 1.9507874643609908 0.5386241527888994
2.0 1.545456657847889 1.9508044222577126 0.538617119946313
2.1 1.5454668840748025 1.9508235450444698 0.5386091024437918
2.2 1.5454786345613887 1.950845448506844 0.5386000061385356
2.3000000000000003 1.5454922462083704 1.9508713387337993 0.5385897212766042
2.4000000000000004 1.5455079236040505 1.9509017258040557 0.5385781581120468
2.5 1.5455256290254205 1.95093619792664 0.5385652623825745
2.6 1.5455452190411356 1.9509744914938147 0.5385509932154999
2.7 1.5455667101815025 1.9510171155653462 0.5385352831384176
2.8000000000000003 1.5455903684306291 1.9510649491431726 0.5385180279210114
2.9000000000000004 1.5456165132643311 1.9511186503254445 0.5384991188143649
3.0 1.545645271568521 1.951178439633163 0.5384784803563086
3.1 1.5456765430094415 1.9512442808113153 0.5384560690593432
3.2 1.5457101965024191 1.9513162832790816 0.5384318346134954
3.3000000000000003 1.5457462997355738 1.951394979437489 0.5384056873061231
3.4000000000000004 1.5457851538029839 1.9514811937302246 0.5383775088184819
3.5 1.545827082111623 1.9515756140738216 0.53834719631492
3.6 1.5458721733637655 1.9516785085393833 0.5383146873860172
3.7 1.5459202653193067 1.9517899173688062 0.5382799309752742
3.8000000000000003 1.5459712337589955 1.95191013329624 0.5382428390854199
3.9000000000000004 1.546025280702672 1.9520399056438331 0.5382032875923574
4.0 1.546082838807311 1.952180106056921 0.5381611658892269
4.1000000000000005 1.5461441688745292 1.9523313035879009 0.538116394156455
4.2 1.5462091986313378 1.9524938038173567 0.5380688838065023
4.3 1.5462778176436576 1.9526679698027793 0.5380185246301449
4.4 1.5463501263473929 1.9528543085034296 0.537965217511818
4.5 1.5464263600272168 1.953053430697457 0.5379088688754087
4.6000000000000005 1.5465068397254471 1.9532661498522055 0.5378493617111556
4.7 1.546591880371857 1.9534933598276487 0.5377865676430137
4.800000000000001 1.546681471659756 1.9537356003084372 0.5377203695822655
4.9 1.54677539567471 1.953993032403824 0.537650681366425
5.0 1.5468737679587021 1.9542660340936735 0.5375774310271579
5.1000000000000005 1.5469770361208974 1.954555555088614 0.5375004958605147
5.2 1.5470855477191945 1.9548627214897394 0.5374197161634675
5.300000000000001 1.5471993751962247 1.9551882906449403 0.5373349728714581
5.4 1.5473184310450656 1.9555325772250547 0.53724619538021
5.5 1.5474426833547454 1.9558958167455998 0.5371533121916378
5.6000000000000005 1.547572314114994 1.9562786008934299 0.5370562165414188
5.7 1.547707669622027 1.9566819818656913 0.5369547729315942
5.800000000000001 1.5478490336823714 1.9571071037369645 0.5368488544857904
5.9 1.5479964524746004 1.9575546758091547 0.536738372465034
6.0 1.5481498048389526 1.9580248525180832 0.5366232664400534
6.1000000000000005 1.548309055786585 1.9585177549400967 0.5365034650159449
6.2 1.5484744190406576 1.9590341512943041 0.5363788615450288
6.300000000000001 1.548646240986424 1.9595754396066725 0.5362493319119509
6.4 1.5488247328556508 1.9601427605094535 0.5361147741386258
6.5 1.5490098537045773 1.9607362890377633 0.5359751238460455
6.6000000000000005 1.5492014655313202 1.961355801394594 0.5358303309363015
6.7 1.5493995783030183 1.9620018598978453 0.5356803240775132
6.800000000000001 1.5496044359396552 1.9626758645196065 0.5355249992130844
6.9 1.5498163637073046 1.9633789262950452 0.5353642450797889
7.0 1.5500355156142587 1.9641113451445058 0.5351979804671558
7.1000000000000005 1.550261794138309 1.9648732115379008 0.5350261609144515
7.2 1.5504950572634781 1.9656649286540306 0.534848742581795
7.300000000000001 1.5507353727462159 1.966487224889785 0.5346656468073404
7.4 1.5509830340710133 1.9673410162514733 0.5344767679852008
7.5 1.5512383464021091 1.9682271026524092 0.5342820135702468
7.6000000000000005 1.5515014000460194 1.9691458781249909 0.5340813303300621
7.7 1.551772053327981 1.9700974604815626 0.5338746869600848
7.800000000000001 1.5520501686168604 1.971082126791181 0.5336620324351898
7.9 1.5523358692744404 1.9721005575375339 0.5334432811716701
8.0 1.5526295152661864 1.9731536075307061 0.5332183454953824
8.1 1.5529313870401071 1.9742418582751742 0.532987173073978
8.200000000000001 1.5532414347784944 1.975365478136887 0.5327497376098432
8.3 1.553559419300293 1.9765245431133782 0.5325059996749688
8.4 1.5538852862911423 1.9777193844698187 0.5322559010515273
8.5 1.5542192868445932 1.9789505498174695 0.5319993966396729
8.6 1.5545617089698343 1.9802185535112504 0.5317364591798347
8.700000000000001 1.5549126271244118 1.9815237832619876 0.5314670495211776
8.8 1.555271940131163 1.9828664809915182 0.5311911241909671
8.9 1.555639487084276 1.9842466476528555 0.5309086757835759
9.0 1.5560151569679412 1.9856641996780513 0.5306197201716175
9.1 1.556399099042056 1.9871194289776317 0.5303242473247213
9.200000000000001 1.5567916583715224 1.9886130143524992 0.5300222192252588
9.3 1.5571928715287733 1.990145357056085 0.5297136067514345
9.4 1.5576023743735834 1.991716210115931 0.5293984279124402
9.5 1.5580199371811783 1.993325153016972 0.5290767424386342
9.600000000000001 1.5584456551821522 1.994972192966784 0.5287485763022282
9.700000000000001 1.5588796980375494 1.9966577773909597 0.5284139008732442
9.8 1.5593221610205994 1.9983823623745542 0.5280727050102556
9.9 1.559772956338893 2.0001459880665236 0.5277250231919453
10.0 1.5602318156153072 2.0019481913170605 0.5273709125680475
10.100000000000001 1.5606985279239614 2.0037884309766856 0.527010425104853
10.200000000000001 1.5611731246564269 2.005666677113095 0.526643580965624
10.3 1.561655794597286 2.007583461379946 0.5262703774922313
10.4 1.5621466245972435 2.0095392111572314 0.5258908277017069
10.5 1.5626454468290394 2.0115335734298285 0.5255049819204405
10.600000000000001 1.5631519681440482 2.013565625021867 0.5251129081525501
10.700000000000001 1.5636660399906679 2.0156348687790873 0.5247146537723932
10.8 1.564187768074178 2.0177417641279187 0.5243102314805844
10.9 1.5647173488444595 2.019886961181186 0.5238996436911028
11.0 1.5652548200527479 2.022070212543099 0.5234829167716094
11.100000000000001 1.5657999857775267 2.024290539401653 0.5230601094417384
11.200000000000001 1.5663525852194646 2.0265473740175453 0.5226312856704481
11.3 1.5669125388298364 2.0288409322667675 0.5221964796063705
11.4 1.567480017267189 2.031171482787328 0.5217556925677646
11.5 1.5680552362030578 2.033538880608051 0.521308930024015
11.600000000000001 1.56863819466192 2.0359427578963754 0.5208562333709764
11.700000000000001 1.5692286600680432 2.038382637484475 0.5203976672706807
11.8 1.569826403673159 2.040858050671687 0.5199332811329858
11.9 1.5704314268105584 2.0433688825017873 0.5194630915377536
12.0 1.571043958575868 2.0459153079373853 0.5189871026820752
12.100000000000001 1.5716642063481407 2.0484972865527316 0.5185053417724669
12.200000000000001 1.572292098242604 2.0511143564994843 0.5180178670118413
12.3 1.5729273303115352 2.0537659126426515 0.5175247374518256
12.4 1.5735696964910255 2.0564515960925207 0.5170259870861618
12.5 1.574219312734182 2.0591713828538802 0.5165216396157406
12.600000000000001 1.5748764497851626 2.0619252908298997 0.5160117370183417
12.700000000000001 1.5755411754006667 2.064713100097534 0.515496336053756
12.8 1.5762132562257027 2.06753438651521 0.5149754854141931
12.9 1.5768924076356796 2.070388694131969 0.5144492324735305
13.0 1.5775785334809114 2.07327561647958 0.5139176491781563
13.100000000000001 1.5782717144988803 2.0761948844818594 0.5133808172959174
13.200000000000001 1.578972074028169 2.0791464859606505 0.5128387869795737
13.3 1.5796796326867262 2.0821304666031484 0.5122915905528833
13.4 1.580394151492019 2.0851464352862967 0.5117393011848639
13.5 1.5811152120113827 2.0881935457116594 0.5111820362605786
13.600000000000001 1.581842646060723 2.091271212385329 0.5106199011415788
13.700000000000001 1.5825766796201632 2.0943795445461864 0.5100529580365397
13.8 1.58331743395114 2.097518816236722 0.5094812489579923
13.9 1.584064623315667 2.100688776155091 0.5089048483943884
14.0 1.58481788717026 2.1038886694334638 0.5083238875456136
14.100000000000001 1.585577010341584 2.107117749655887 0.5077384951412416
14.200000000000001 1.586341880215516 2.1103757183678287 0.5071487457763387
14.3 1.5871125455229873 2.1136627854831125 0.5065546993970684
14.4 1.587889060826732 2.1169792071251865 0.5059564344810467
14.5 1.588671203729257 2.1203246376394698 0.5053540491306203
14.600000000000001 1.5894585824928456 2.1236981150305954 0.5047476654356439
14.700000000000001 1.590250929786509 2.1270988759183265 0.5041373942712247
14.8 1.5910482323564068 2.1305270377620396 0.5035233061273386
14.9 1.591850610853907 2.1339832165333297 0.5029054548539433
15.0 1.5926580499733791 2.1374674475448723 0.5022839128813585
15.100000000000001 1.5934702848458542 2.1409787984110444 0.5016587827150891
15.200000000000001 1.5942869657498508 2.1445163027877907 0.5010301726720177
15.3 1.5951079121148208 2.1480799745065124 0.5003981638372496
15.4 1.5959331909195635 2.1516704464304155 0.4997628046408107
15.5 1.5967629438724926 2.1552878139670457 0.4991241381172671
15.600000000000001 1.5975971395750057 2.158931424635253 0.498482232874384
15.700000000000001 1.598435506032871 2.1626007081149696 0.4978371824771105
15.8 1.599277728249396 2.1662955637422905 0.49718907158316505
15.9 1.6001237098839816 2.170015997552026 0.4965379494516817
16.0 1.6009736040919784 2.1737620150456456 0.49588384546720937
16.1 1.601827571704875 2.17753371889457 0.4952268046716065
16.2 1.6026855347508315 2.1813309608626543 0.49456689767285966
16.3 1.6035471848394498 2.1851532095044113 0.4939041993298263
16.400000000000002 1.604412241606422 2.1890001276932223 0.49323876478285267
16.5 1.605280705024356 2.1928718551038666 0.49257062803308843
16.6 1.6061528049854954 2.19676860241544 0.49189982541446364
16.7 1.6070286670566976 2.200690328021595 0.49122641270313255
16.8 1.6079080919859778 2.204636753797048 0.49055044966558037
16.900000000000002 1.6087907264664545 2.2086075511617196 0.48987198199161075
17.0 1.609676404508279 2.2126025478501536 0.48919105350462166
17.1 1.6105652423058432 2.216621733562614 0.48850772142959725
17.2 1.6114574104828194 2.2206651733127405 0.48782203913128824
17.3 1.6123528986055116 2.224732957260886 0.48713403373483427
17.400000000000002 1.6132515012847162 2.228825026702101 0.4864437291915943
17.5 1.6141529468099107 2.232940987639207 0.4857511874707712
17.6 1.6150570678444376 2.237080347676852 0.4850564918702072
17.7 1.6159639494946 2.241243088427032 0.4843596862748749
17.8 1.6168738351713356 2.245429716796786 0.4836607684869091
17.900000000000002 1.617786740522894 2.249640498013676 0.48295975159389104
18.0 1.6187022969160798 2.253874926288013 0.4822566975354484
18.1 1.619620180876781 2.2581322673235054 0.4815516827714398
18.2 1.620540480613423 2.262412373727859 0.48084475011182987
18.3 1.62146341569804 2.266715681897835 0.48013589671115775
18.400000000000002 1.6223890085812 2.2710426047981187 0.47942511472100713
18.5 1.6233171765680308 2.2753930688312503 0.4787124412663992
18.6 1.624247764308261 2.279766478408656 0.47799793755259873
18.7 1.6251805376099249 2.2841621944571204 0.4772816357556787
18.8 1.6261154930058763 2.2885802356046527 0.4765635428718431
18.900000000000002 1.627052905621367 2.29302130414389 0.4758436554799989
19.0 1.6279929175166767 2.2974858659174404 0.4751219653913571
19.1 1.6289353913772247 2.301973418346898 0.4743984953271563
19.200000000000003 1.6298800931701545 2.3064830074198692 0.47367329076686127
19.3 1.6308268976275366 2.311014387339122 0.4729463688560539
19.400000000000002 1.631775933196563 2.315568286604547 0.47221771590121053
19.5 1.632727449598598 2.3201453706141066 0.4714873130791548
19.6 1.6336815388352073 2.324745291513337 0.47075516150531016
19.700000000000003 1.6346380491850392 2.3293671842534756 0.47002128938995225
19.8 1.6355967424598559 2.3340108250395843 0.46928572492390436
19.900000000000002 1.636557543627693 2.33867669958925 0.46854847102176006
20.0 1.6375206239267788 2.3433651041958155 0.46780950928886866
20.1 1.6384862189886007 2.3480758536791915 0.46706882898509144
20.200000000000003 1.639454366053259 2.3528087848185297 0.46632644759963315
20.3 1.6404248427193968 2.3575638480563645 0.465582396451089
20.400000000000002 1.6413973875679198 2.3623408064187688 0.4648366910310745
20.5 1.6423719719818815 2.3671395295997235 0.464089326573192
20.6 1.64334881875807 2.3719603602907715 0.4633402996001506
20.700000000000003 1.6443281327261374 2.3768035827028617 0.4625896218509125
20.8 1.6453098385376712 2.381668935380354 0.46183731488599594
20.900000000000002 1.646293625967745 2.38655608181989 0.46108339666285447
21.0 1.647279267701169 2.391465022322543 0.4603278746800952
21.1 1.6482668458190641 2.396395878131801 0.4595707568251659
21.200000000000003 1.6492566102237562 2.40134877485833 0.45881206131652846
21.3 1.6502486503046832 2.406323863626242 0.4580518002705751
21.400000000000002 1.6512427824547706 2.411321189579898 0.45728996760417534
21.5 1.6522387451064333 2.416340641479 0.4565265656597971
21.6 1.6532364311336993 2.4213820189659967 0.4557616266300434
21.700000000000003 1.6542359368345647 2.426445259100835 0.45499518182691423
21.8 1.6552374529716827 2.4315307372448074 0.45422721989183695
21.900000000000002 1.656241083082249 2.436639029102373 0.4534577043830268
22.0 1.6572466840038946 2.4417702170313387 0.45268663384075153
22.1 1.6582539497089739 2.4469237692179493 0.4519140513533851
22.200000000000003 1.659262775793825 2.4520993534229083 0.45113998503693026
22.3 1.6602734347937562 2.457297497813783 0.45036440984836845
22.400000000000002 1.661286218690551 2.4625190830961294 0.44958728164780687
22.5 1.6623010512820287 2.467764394377837 0.44880858648595806
22.6 1.6633176738889048 2.4730330435755965 0.4480283460964608
22.700000000000003 1.6643360186323528 2.478324669628523 0.4472465837064203
22.8 1.6653561711940648 2.4836394615302115 0.4464632853203022
22.900000000000002 1.6663782473900972 2.4889781530834765 0.4456784056092821
23.0 1.6674024525151372 2.494341553694472 0.44489191605962214
23.1 1.6684288885469352 2.499729835475287 0.44410381896815443
23.200000000000003 1.6694573272013853 2.5051424317779034 0.4433141195879118
23.3 1.6704875609813739 2.5105790057346544 0.442522817928376
23.400000000000002 1.6715197504459336 2.5160402772856614 0.4417298999299441
23.5 1.6725541765666712 2.5215274323843984 0.440935324111826
23.6 1.673590973963733 2.5270408752106146 0.440139062986069
23.700000000000003 1.6746300940952539 2.532580046001609 0.43934113146014186
23.8 1.6756713278359188 2.5381445350673504 0.43854154461631456
23.900000000000002 1.6767145522076219 2.5437349505347493 0.43774029538276493
24.0 1.6777599158948318 2.549352339688596 0.4369373645319602
24.1 1.6788076616936165 2.554997061876782 0.4361327322259648
24.200000000000003 1.679857889204453 2.560668816565906 0.43532640261728933
24.3 1.6809104551118745 2.5663675949816933 0.43451840078179005
24.400000000000002 1.6819650978115719 2.5720938766330685 0.4337087457480449
24.5 1.6830217084295127 2.577847993765981 0.4328974403348722
24.6 1.684080432038986 2.583630063620168 0.4320844821296578
24.700000000000003 1.6851414892761098 2.5894404716999198 0.43126988522336557
24.8 1.6862048887621743 2.59527966578104 0.4304536812955349
24.900000000000002 1.6872703514956104 2.601147585452037 0.42963590054924106
25.0 1.6883375645381993 2.6070440431119426 0.4288165644587658
25.1 1.6894064778127098 2.6129694084713897 0.4279956970915144
25.200000000000003 1.6904772841899414 2.6189242256561567 0.42717333113318434
25.3 1.6915501152585333 2.6249086261098604 0.42634950129949334
25.400000000000002 1.6926248213350112 2.630922649278289 0.42552423775159015
25.5 1.693701067829391 2.63696649365231 0.4246975664510348
25.6 1.6947786237946214 2.6430401831482646 0.4238695238699982
25.700000000000003 1.6958575151042417 2.6491436441195617 0.4230401662680466
25.8 1.6969378873971952 2.6552771114774774 0.4222095409670066
25.900000000000002 1.6980197753355393 2.661441047853141 0.42137765851608
26.0 1.69910301965017 2.667635757695599 0.42054452563807293
26.1 1.70018734696367 2.673861073611276 0.41971019263127407
26.200000000000003 1.701272543846646 2.680116495737814 0.41887473479354487
26.3 1.7023586366397967 2.686401977725383 0.41803819360321426
26.400000000000002 1.7034458494881144 2.6927182467290898 0.41720056348507084
26.5 1.704534268768458 2.699065927969193 0.4163618437588375
26.6 1.7056236308733275 2.705444720568222 0.4155220808703888
26.700000000000003 1.7067136015403208 2.7118538320328147 0.4146813419279245
26.8 1.7078041651369893 2.718293041190976 0.41383966534783784
26.900000000000002 1.708895534379877 2.724762914197252 0.41299705323175007
27.0 1.7099877967140695 2.7312640299361846 0.4121535029672733
27.1 1.7110808761654146 2.7377963610728036 0.41130903926608364
27.200000000000003 1.7121746771023947 2.744359324724818 0.41046371447493546
27.3 1.7132690411716869 2.750952253588612 0.40961757387243747
27.400000000000002 1.7143638179581873 2.757575044022003 0.4087706318864124
27.5 1.7154591513299675 2.7642283422549596 0.40792289389264264
27.6 1.7165553248931074 2.7709126487930833 0.40707437845010075
27.700000000000003 1.7176522794516038 2.777627358156675 0.40622511549807977
27.8 1.7187496993334275 2.7843713132326586 0.4053751512102174
27.900000000000002 1.7198474367984489 2.7911441734797586 0.40452453481861905
28.0 1.7209455351978529 2.7979465530235643 0.4036732835003567
28.1 1.722044117608719 2.804778811100678 0.40282140342481015
28.200000000000003 1.7231433193422419 2.8116402811976586 0.4019689350458301
28.3 1.7242430520063754 2.8185299279375586 0.40111593437512055
28.400000000000002 1.7253430145311128 2.82544739511541 0.4002624477558394
28.5 1.7264430233344272 2.8323929010534963 0.39940851698428415
28.6 1.7275431147769802 2.8393662658460253 0.3985541749890411
28.700000000000003 1.7286434366344663 2.8463667636947076 0.39769945929701234
28.8 1.7297440646174205 2.853393893549365 0.3968444278989975
28.900000000000002 1.7308448107071503 2.8604474642518456 0.395989140652624
29.0 1.7319453349134701 2.867526927112497 0.39513364858685524
29.1 1.7330454485345417 2.874631464093183 0.394277999313977
29.200000000000003 1.7341452450758916 2.8817607057854318 0.39342224725945557
29.3 1.7352449118463358 2.8889145485792485 0.3925664570878826
29.400000000000002 1.7363444011271125 2.8960923691287217 0.39171068717786217
29.5 1.7374433963705491 2.9032932316989926 0.39085498610973446
29.6 1.738541602144064 2.9105165988512267 0.3899994094572725
29.700000000000003 1.7396389651711064 2.9177620390147654 0.389144027587651
29.8 1.7407356072706175 2.9250287489978137 0.3882889127598819
29.900000000000002 1.7418316110989738 2.9323160703924023 0.38743412221007467
30.0 1.742926866433802 2.939623743507005 0.3865796947222578
30.1 1.744021106400652 2.9469511705238585 0.38572567487427706
30.200000000000003 1.7451141136357133 2.9542971825943662 0.384872143968652
30.3 1.7462058593802139 2.961660729848722 0.38401919651137756
30.400000000000002 1.7472964502678614 2.969041326943609 0.3831668844241863
30.5 1.7483859780471438 2.9764388470510195 0.38231522581749683
30.6 1.74947435293125 2.9838528133088764 0.38146426788550997
30.700000000000003 1.7505612765015157 2.991281855047871 0.3806141041009066
30.8 1.7516465079281318 2.998724434003689 0.3797648290219073
30.900000000000002 1.7527301196699194 3.006179980843122 0.3789164987187593
31.0 1.753812315801546 3.013648568815425 0.3780691440123538
31.1 1.754893066456218 3.0211296926634654 0.3772228162138233
31.200000000000003 1.7559721117723603 3.0286219483708967 0.3763776034312939
31.3 1.757049250268177 3.0361238197311042 0.37553360323695933
31.400000000000002 1.758124417573477 3.0436344060486014 0.3746908935729228
31.5 1.759197566469889 3.0511533305177503 0.37384952993813325
31.6 1.760268698347238 3.058680225481126 0.37300957102734045
31.700000000000003 1.7613378716389256 3.0662142203930363 0.3721711037386865
31.8 1.7624049371515433 3.0737537268299207 0.3713342324168016
31.900000000000002 1.763469493269796 3.08129713236838 0.37049905229931807
32.0 1.764531327790022 3.0888438171220183 0.369665647367053
32.1 1.765590577076791 3.0963937965693056 0.3688340996632188
32.2 1.766647301067957 3.1039462572025287 0.36800449292542836
32.300000000000004 1.7677012971580701 3.1114993207373174 0.3671769302946508
32.4 1.7687523090178467 3.119051400413153 0.36635153443139645
32.5 1.7698000736512431 3.1266019390259414 0.3655284084834432
32.6 1.7708443841647916 3.1341505845810387 0.36470763529356104
32.7 1.7718852642158418 3.141696233400284 0.363889318497409
32.800000000000004 1.7729227693106673 3.1492372567287092 0.3630735768778769
32.9 1.7739567013104927 3.1567724345818764 0.3622605197976723
33.0 1.7749867247904165 3.164301103971223 0.3614502566646023
33.1 1.7760125457549711 3.171822320031464 0.3606428954374643
33.2 1.7770340209802207 3.179334632542 0.3598385402169498
33.300000000000004 1.7780512234621704 3.1868368853305915 0.3590373080021567
33.4 1.7790641858423535 3.1943283472641246 0.3582393166682781
33.5 1.7800726460268164 3.2018079133271424 0.3574446688914353
33.6 1.781076208838899 3.2092740730333995 0.35665346471070697
33.7 1.7820746494275197 3.2167256871846854 0.355865814062216
33.800000000000004 1.7830680057665267 3.2241619408164297 0.3550818397092694
33.9 1.7840563495363964 3.2315816268245374 0.35430165749023734
34.0 1.7850395548791524 3.238983360880814 0.35352535821154174
34.1 1.786017366542265 3.246366247670561 0.3527530278673448
34.2 1.7869895458556415 3.253729367686774 0.35198477217448776
34.300000000000004 1.7879559525193471 3.2610710808385965 0.3512207152476215
34.4 1.7889165899098134 3.26838981328222 0.350460974962297
34.5 1.78987151766422 3.2756848721513308 0.3497056366282275
34.6 1.790820662806642 3.282955674231267 0.34895476358737876
34.7 1.7917637989111936 3.290200836508408 0.3482084486407496
34.800000000000004 1.7927007034677758 3.2974184735893215 0.3474668276611283
34.9 1.7936312714126312 3.304607009526297 0.3467300195594837
35.0 1.7945555554511516 3.3117656817148835 0.3459980936472923
35.1 1.7954736484782916 3.3188940868862495 0.34527111301576996
35.2 1.7963854352093342 3.3259909595948285 0.3445491746795051
35.300000000000004 1.7972906198665155 3.3330541016766713 0.34383240034717055
35.4 1.7981890393254365 3.3400817912976124 0.34312090466285894
35.5 1.7990807218920846 3.3470733230258194 0.3424147736302618
35.6 1.7999656641535622 3.354028061142585 0.341714078874959
35.7 1.8008437754790094 3.3609447017131626 0.3410189109804294
35.800000000000004 1.8017149706815663 3.367821440147515 0.34032938500111304
35.9 1.80257911616946 3.374656489134167 0.3396456184720535
36.0 1.803435956600055 3.381448467267879 0.33896771074671606
36.1 1.8042853136594859 3.3881965122496283 0.33829574575754184
36.2 1.805127273589975 3.3948998496218588 0.3376298172637267
36.300000000000004 1.8059619052534928 3.4015569010820386 0.33697003680744564
36.4 1.8067889474284344 3.408165340369668 0.33631651769134324
36.5 1.8076080544203363 3.4147234888926747 0.3356693666672592
36.6 1.808419112547274 3.421230802085263 0.3350286828670905
36.7 1.8092220994734909 3.4276864677066836 0.33439455809188434
36.800000000000004 1.8100169397501644 3.434088489639989 0.3337670938143085
36.9 1.8108035811077836 3.4404347051945336 0.3331464095273687
37.0 1.8115818747034027 3.4467238321527214 0.3325326101301916
37.1 1.8123515030135027 3.4529550218288136 0.3319257761608602
37.2 1.8131122715909747 3.4591269312064834 0.33132600233245363
37.300000000000004 1.8138642081828409 3.4652376518787755 0.3307333995788972
37.4 1.8146073355504142 3.4712854724030984 0.3301480644243441
37.5 1.8153415751851336 3.4772692624432078 0.3295700823535528
37.6 1.816066722489918 3.48318780556012 0.32899953619208644
37.7 1.8167824909133499 3.4890393470753818 0.32843650333893093
37.800000000000004 1.8174887959792465 3.4948222576144863 0.32788107281904116
37.9 1.8181857863663002 3.5005353545992826 0.3273333415601178
38.0 1.8188734923659693 3.5061772331780436 0.32679338347156717
38.1 1.8195517298470127 3.5117462017335885 0.3262612514998635
38.2 1.8202203120451224 3.517240954312706 0.32573700267732825
38.300000000000004 1.8208791864209053 3.5226603661273765 0.32522071383504264
38.400000000000006 1.8215283877004336 3.5280027317208824 0.32471247173036166
38.5 1.822167929415254 3.5332661875575866 0.324212337956453
38.6 1.8227978211372438 3.5384497328804017 0.3237203443630534
38.7 1.823418053712219 3.543552701494523 0.32323652485827736
38.800000000000004 1.8240285130844556 3.548573439835357 0.32276093751093626
38.900000000000006 1.8246291060144482 3.553509736876706 0.3222936595205276
39.0 1.8252198978968783 3.558360253174333 0.3218347499078305
39.1 1.8258009905971169 3.563124468131825 0.32138422341775047
39.2 1.8263723976532156 3.5678015309042936 0.3209420887256947
39.300000000000004 1.8269340796673557 3.5723897645693174 0.3205083988068793
39.400000000000006 1.8274859612360037 3.576887150914536 0.3200832253388165
39.5 1.828027994300602 3.5812923277442414 0.31966660608858644
39.6 1.8285602678831867 3.5856049177756937 0.31925855274777154
39.7 1.8290828688359198 3.5898243326851262 0.3188590821599188
39.800000000000004 1.8295957434721608 3.593948871372932 0.31846822826771964
39.900000000000006 1.830098855278903 3.597976688016799 0.3180860403422672
40.0 1.8305922331406694 3.6019067811935788 0.3177125600550339
40.1 1.8310758149907438 3.605738573128977 0.31734780221360787
40.2 1.8315495263152488 3.6094713173012307 0.3169917753996183
40.300000000000004 1.8320134599165867 3.6131040035012596 0.3166445067454724
40.400000000000006 1.8324677403189282 3.6166353149185557 0.3163060350793875
40.5 1.8329122851024804 3.6200638595912014 0.31597639074793415
40.6 1.833346896397614 3.623388835064494 0.3156555846128274
40.7 1.8337715624850754 3.6266101642251587 0.3153436219228711
40.800000000000004 1.834186438775261 3.6297274077259347 0.31504052092465545
40.900000000000006 1.8345915578596128 3.632739021033838 0.3147463048232894
41.0 1.8349868452067393 3.6356435674283856 0.31446098842406356
41.1 1.83537229677669 3.6384409408180236 0.3141845730054512
41.2 1.8357478967550556 3.641131388218942 0.31391704769217776
41.300000000000004 1.8361135859984496 3.6437141475577897 0.31365840960553254
41.400000000000006 1.836469445964787 3.646187965278551 0.3134086737914155
41.5 1.8368156423436943 3.648552265778581 0.31316784083178884
41.6 1.8371521834437168 3.650807123411015 0.31293587630396474
41.7 1.837478993810426 3.652952513479118 0.3127127480072494
41.800000000000004 1.8377960870559231 3.654987953965561 0.3124984467683891
41.900000000000006 1.8381035543494764 3.6569128601511354 0.31229295923374917
42.0 1.8384015616783815 3.658727096665899 0.31209625751626646
42.1 1.8386902522695665 3.6604307985928113 0.31190830144882015
42.2 1.838969597331148 3.662023889213939 0.3117290347683829
42.300000000000004 1.839239578525175 3.663506341659424 0.31155840741293106
42.400000000000006 1.8395003850511136 3.664878387488234 0.31139639386572615
42.5 1.83975219781133 3.666139983521806 0.3112429630458463
42.6 1.8399950496608526 3.66729094027189 0.3110980518321159
42.7 1.8402290130018553 3.6683317982574573 0.3109615801753727
42.800000000000004 1.8404542578446899 3.669263505594762 0.31083347982232784
42.900000000000006 1.8406709080205106 3.670086213718235 0.3107137083965089
43.0 1.840878998789389 3.670799503871263 0.31060222588639047
43.1 1.8410786150621987 3.671403862531268 0.3104989623527763
43.2 1.8412699469128342 3.671900786536734 0.31040382533352595
43.300000000000004 1.8414531200696165 3.6722912018665 0.3103167290962685
43.400000000000006 1.8416281775611536 3.672574979155668 0.31023761647692755
43.5 1.8417952322987965 3.672752268745616 0.3101664451703759
43.6 1.8419543992366068 3.6728242748559654 0.310103140811236
43.7 1.8421057215524945 3.672792561445312 0.310047595291965
43.800000000000004 1.8422493000906057 3.6726581368472915 0.3099997195172899
43.900000000000006 1.8423852848304856 3.672421309701919 0.30995945574560013
44.0 1.8425137527829951 3.6720825511746127 0.3099267376221477
44.1 1.8426347744749498 3.6716433601801186 0.30990147763083936
44.2 1.842748425471295 3.671105612596189 0.30988358002048316
44.300000000000004 1.8428547048070156 3.67047039554825 0.3098729465656153
44.400000000000006 1.8429537031909897 3.6697383784152997 0.309869493273748
44.5 1.8430456552418497 3.668910721547633 0.30987314796846815
44.6 1.843130648116554 3.6679889514506785 0.3098838166738186
44.7 1.8432085980294113 3.6669746939474557 0.3099013824401376
44.800000000000004 1.8432795472652428 3.6658697350353835 0.30992573698639714
44.900000000000006 1.8433436934091676 3.664675601305705 0.3099567881415581
45.0 1.8434011815537803 3.6633932602637014 0.30999444190016723
45.1 1.8434520570828687 3.6620239646981925 0.310038583337455
45.2 1.8434963919290714 3.6605700609746084 0.31008907741504316
45.300000000000004 1.8435343237609316 3.659034098385643 0.3101457959944364
45.400000000000006 1.843565936409996 3.6574174596186984 0.3102086277688201
45.5 1.8435912962465506 3.655720994189098 0.31027745791099703
45.6 1.8436106109647414 3.6539466721705876 0.310352149893394
45.7 1.8436240983516359 3.652097347707616 0.31043254258474207
45.800000000000004 1.8436318269260612 3.650175288262864 0.31051847663777543
45.900000000000006 1.8436338741533602 3.648182024254223 0.3106098209977666
46.0 1.8436304378336745 3.646119250269935 0.31070644541285763
46.1 1.8436217273541835 3.643989193534538 0.3108081824737275
46.2 1.8436079211631355 3.6417943849869 0.3109148456495222
46.300000000000004 1.8435891987453656 3.639537284178415 0.311026263003261
46.400000000000006 1.8435657206106804 3.6372200297232142 0.31114227217128987
46.5 1.8435376849143368 3.6348446841246496 0.3112627112497707
46.6 1.8435053237971362 3.632413512050962 0.31138741303157774
46.7 1.8434687654601847 3.629928896503638 0.311516184276596
46.800000000000004 1.8434281500522454 3.6273934685266083 0.31164881780254255
46.900000000000006 1.8433838054998744 3.6248100558553853 0.31178513059142904
47.0 1.843336021968286 3.622180943440152 0.3119249603326449
47.1 1.843284850017543 3.6195079300241346 0.3120681304718634
47.2 1.8432303522354165 3.6167935727884166 0.31221443860622333
47.300000000000004 1.8431728052718346 3.614041291248494 0.31236367380316055
47.400000000000006 1.843112513823312 3.6112538977590836 0.31251564202369914
47.5 1.8430496439528348 3.6084331565859094 0.31267017192192426
47.6 1.8429843119779703 3.605581174874659 0.3128270883756419
47.7 1.842916675975476 3.602701242617176 0.3129861919194992
47.800000000000004 1.8428468649998975 3.599796705538009 0.3131472697481336
47.900000000000006 1.8427749987416813 3.5968698560855588 0.313310123995354
48.0 1.8427013368492018 3.593922643162672 0.3134745853493516
48.1 1.8426261476942292 3.5909577602844314 0.3136404803366418
48.2 1.842549484857929 3.587978505326485 0.31380760203961433
48.300000000000004 1.8424713530337815 3.5849879470819124 0.31397574158984437
48.400000000000006 1.8423919035388994 3.581988448128588 0.31414471648952974
48.5 1.8423113479795583 3.5789821375242363 0.31431434977187384
48.6 1.8422299103608422 3.57597180468329 0.3144844547492176
48.7 1.8421477808169213 3.572960760644306 0.3146548378626236
48.800000000000004 1.8420649681704977 3.569951896849387 0.3148252943327081
48.900000000000006 1.841981464434007 3.566947654175736 0.31499562712389995
49.0 1.841897505420784 3.5639505905849966 0.31516566719359146
49.1 1.841813364988599 3.5609633097544258 0.3153352389954793
49.2 1.8417291484530893 3.5579885119837797 0.3155041340230178
49.300000000000004 1.8416449540169806 3.5550294100732525 0.315672140845745
49.400000000000006 1.841560929703283 3.5520891685018623 0.3158390728775186
49.5 1.8414771706163569 3.5491699702334354 0.3160047612117965
49.6 1.841393783261006 3.5462736808130932 0.3161690289246396
49.7 1.8413109875896223 3.5434032830294853 0.31633167088790304
49.800000000000004 1.8412290434518406 3.5405625321585474 0.31649247248366863
49.900000000000006 1.8411480859520166 3.5377542644941427 0.31665124577650927
50.0 1.8410681250941139 3.534980209617718 0.31680782734718216
