0.0 NaN 1.0 1.0
0.05 0.03861032 0.9998614 0.9309696
0.1 0.15692029 1.00035416 0.79531094
0.15000000000000002 0.35363823 1.01474135 0.70959593
0.2 0.60863192 1.07109577 0.71179367
0.25 0.8803247 1.18877286 0.7864075
0.3 1.11629672 1.35918019 0.93038498
0.35 1.2763466 1.54525667 1.12507145
0.39999999999999997 1.42948524 1.68861339 1.24809567
0.44999999999999996 1.65719457 1.73524936 1.23431052
0.49999999999999994 1.78655296 1.69787555 1.22150001
0.5499999999999999 1.80815097 1.62496822 1.22762761
0.6 1.80414126 1.57120223 1.23047797
0.65 1.81272147 1.586526 1.23987602
0.7000000000000001 1.83817628 1.70342741 1.29650419
0.7500000000000001 1.87633012 1.93235843 1.4514259
0.8000000000000002 1.92614573 2.26003196 1.73207037
0.8500000000000002 1.99618656 2.64316626 2.11227985
0.9000000000000002 2.10915688 3.0027458 2.50921105
0.9500000000000003 2.27144218 3.23501922 2.82426829
1.0000000000000002 2.41492916 3.25162812 2.99146802
1.0500000000000003 2.47230196 3.04121281 2.97700491
1.1000000000000003 2.46016967 2.69290719 2.80078498
1.1500000000000004 2.42596947 2.35226361 2.56160938
1.2000000000000004 2.41084308 2.16707947 2.42378259
1.2500000000000004 2.44251181 2.26060503 2.58273971
1.3000000000000005 2.53088453 2.6926436 3.18185405
1.3500000000000005 2.66851245 3.37241877 4.18794562
1.4000000000000006 2.83938445 4.01317586 5.33284838
1.4500000000000006 3.02687003 4.26423067 6.20732395
1.5000000000000007 3.16384807 3.9608959 6.47574639
1.5500000000000007 3.15103721 3.20849977 6.076187
1.6000000000000008 3.00519106 2.29544556 5.22748371
1.6500000000000008 2.81833751 1.58511272 4.40851698
1.7000000000000008 2.68680031 1.36931723 4.17111656
1.7500000000000009 2.67352737 1.7166176 4.80262959
1.800000000000001 2.79338546 2.40909377 6.14586261
1.850000000000001 3.01329748 3.05560613 7.69348225
1.900000000000001 3.26211702 3.31384027 8.83267167
1.950000000000001 3.4489698 3.08391724 9.19244545
2.000000000000001 3.49598503 2.54652078 8.89901166
2.0500000000000007 3.38654109 1.97864068 8.3218766
2.1000000000000005 3.17262552 1.57404631 7.75363048
2.1500000000000004 2.93170997 1.40692581 7.36792222
2.2 2.72839236 1.46006932 7.25110784
2.25 2.60308583 1.66361045 7.42772216
2.3 2.57426464 1.92700411 7.87093785
2.3499999999999996 2.63915786 2.16088381 8.4935374
2.3999999999999995 2.77017858 2.29457594 9.14004269
2.4499999999999993 2.91431172 2.29622579 9.61734327
2.499999999999999 3.00494671 2.19156668 9.77911328
2.549999999999999 2.98710604 2.05979653 9.60371507
2.5999999999999988 2.8425405 1.99101325 9.17351397
2.6499999999999986 2.59748577 2.03380907 8.59135057
2.6999999999999984 2.31001134 2.18034909 7.96382915
2.7499999999999982 2.04921693 2.38787472 7.43903024
2.799999999999998 1.87699253 2.60220522 7.18745146
2.849999999999998 1.83174677 2.7710947 7.31259386
2.8999999999999977 1.91119669 2.85688394 7.75840418
2.9499999999999975 2.06203922 2.85511831 8.29472394
2.9999999999999973 2.19409077 2.80927576 8.63933585
3.049999999999997 2.22384213 2.79608429 8.64138765
3.099999999999997 2.12065331 2.87338035 8.331267
3.149999999999997 1.91876927 3.03555873 7.82692223
3.1999999999999966 1.69021891 3.2269797 7.28532113
3.2499999999999964 1.50739393 3.38999258 6.89358061
3.2999999999999963 1.41667999 3.4943404 6.78587481
3.349999999999996 1.42249893 3.54121635 6.94323228
3.399999999999996 1.48476931 3.5577718 7.19443383
3.4499999999999957 1.54125474 3.5823629 7.33823721
3.4999999999999956 1.54689697 3.64095747 7.27675099
3.5499999999999954 1.49809306 3.7330675 7.04823582
3.599999999999995 1.42365879 3.84015771 6.77653662
3.649999999999995 1.35852546 3.94341439 6.59647983
3.699999999999995 1.3242559 4.03263817 6.58402814
3.7499999999999947 1.32331031 4.10539059 6.72211534
3.7999999999999945 1.34305041 4.16390743 6.91984597
3.8499999999999943 1.3649588 4.21274589 7.06651588
3.899999999999994 1.37408924 4.25684524 7.08503525
3.949999999999994 1.36460798 4.2996058 6.95943742
3.999999999999994 1.34081123 4.34131785 6.73227669
4.049999999999994 1.31487731 4.3789895 6.48306326
4.099999999999993 1.3023095 4.40794763 6.3007984
4.149999999999993 1.3162798 4.42418361 6.25742756
4.199999999999993 1.36279189 4.42604868 6.38528897
4.249999999999993 1.43838643 4.41460624 6.66368812
4.299999999999993 1.53113805 4.39267032 7.02180512
4.3499999999999925 1.62448907 4.36276894 7.36108956
4.399999999999992 1.70269545 4.32471611 7.58988353
4.449999999999992 1.75658812 4.27478395 7.65474901
4.499999999999992 1.7876384 4.20838171 7.55800504
4.549999999999992 1.80786851 4.12452166 7.36087561
4.599999999999992 1.83554017 4.02752111 7.16828888
4.6499999999999915 1.88854489 3.92442777 7.09009268
4.699999999999991 1.97719046 3.8215107 7.19236589
4.749999999999991 2.09958328 3.72327269 7.46641412
4.799999999999991 2.2428421 3.6335722 7.8331315
4.849999999999991 2.38875208 3.55594196 8.18041423
4.899999999999991 2.52050358 3.49211844 8.41237033
4.94999999999999 2.62908919 3.44049647 8.48368456
4.99999999999999 2.71706552 3.39511986 8.4099065
5.04999999999999 2.7965744 3.34531041 8.25873347
5.09999999999999 2.88239477 3.27761617 8.12079446
5.14999999999999 2.98449672 3.18003706 8.06214107
5.1999999999999895 3.10441485 3.04738486 8.0839999
5.249999999999989 3.23666297 2.88848268 8.12180734
5.299999999999989 3.37320095 2.73436437 8.09073105
5.349999999999989 3.50867196 2.63997514 7.949793
