1.091940196222668
0.41094119616464747
0.38702817393689487
1.16495122046649
1.868584627968819
0.14561511769038996
0.27139068732833216
0.675064922606511
0.19583752740654115
1.852911280862451
0.3183399104367329
1.680688009056275
2.043585875254445
0.04641718034833004
2.2603977234584307
0.08124775346946554
0.16854869061566494
0.381819994505403
0.03353113517152986
1.6382207316277702
0.1394438078089232
0.15438804105883144
0.9567618867403881
0.21423052656619257
0.14221984915123154
0.7756697953987797
0.37360106164748186
0.003986163982906926
0.9658917087327921
2.03693544518415
3.42282502651076
3.8196800145599927
0.8126046834716866
0.19394892170074943
0.08915690562173682
0.5491654348318725
0.4691125527146093
0.6903448390733625
1.9366664027994276
0.13768974491853953
0.6095531974607752
2.416328705379472
1.259904200289677
1.2179849871950927
0.03647790063806094
0.37302095080991754
0.33881689984825714
0.3124157517327055
1.930495236678618
0.24979650460627645
0.32618336385104174
0.2852801391128926
0.7468694528015173
4.55977920239879
0.08342753850857365
0.03767763933743442
1.5141806519736773
1.1269855781383962
1.828669972174341
0.9672980673361153
0.9872329366194497
1.3660480789158953
0.0644028623440461
0.6407606570780899
1.7060046640451867
1.1410953826528196
0.2767680325171256
0.0023086870109268426
0.31609363522845896
1.1758736669102308
0.49053158218667353
0.0690462334952429
4.024440687728577
1.0273665511366574
0.4377521669850914
0.7803127754734349
0.02772867234379335
0.4369808179983783
0.48851880366474143
0.2423477941182611
0.39222837996919924
0.2018630938437014
1.008240247456598
1.5344549723803667
1.1732168538840946
1.33001696924542
3.374533196043225
0.7002134362519087
0.230542580311918
1.9852272037851295
0.33419431398686095
0.4367860844600194
0.6592229981674322
1.1822970919977234
0.16882382465892015
0.440024364114791
0.6806245454471062
0.7122987305737944
1.8277232162914145
0.7677459708562088
0.08829615931369787
1.2514563923470579
1.1817065648378087
0.32686092898421665
0.6665550046113183
0.20853752096151457
0.5040633331431369
0.28168268702186433
0.3566170636257833
1.9284402574898767
2.7698416731626754
0.25475553212594654
4.458744538114954
2.300269607288557
0.21666611442303932
4.125953798413762
0.8960238318006
0.8588635541085494
0.7338222056101248
0.03052650682247787
0.6575967968910246
0.3076175093430358
1.0512497681406696
0.37580856011584696
0.33684768792226283
0.4220398880161387
0.9655692995124884
0.7269393665402101
0.44405703969737115
1.0447624344215014
0.7601907520302611
0.11368192259153548
2.053480104144232
1.0396712704728226
0.44143694127140315
0.6919780439014948
0.4347390623697559
0.12225978188533988
0.30320622878183473
0.191938339592875
0.47006811905254625
0.7646543760746967
0.012493038059602914
3.196782479870951
0.9149305436779771
0.12000807081008406
0.5907314213030713
3.039235218400893
0.4458909673308733
0.4815734520526647
2.3221157269564614
2.4759140027808137
1.0429036537930572
0.23511284033825353
0.05021623668910436
2.6662888614231806
1.1885776190362
0.5900654615546395
2.243264989517078
0.3743665449082356
0.4711875435710581
0.45559028051749045
0.13936604120871443
0.7853208130666379
3.2474972722720046
0.4395589620596757
0.20268455596701812
1.3864232220677202
2.2769595373261224
1.2001347459843517
0.30973878189791393
4.535258425072392
3.030051889277744
0.432929962857739
0.40271401813272734
0.35216337277386306
0.6575785948408176
0.6025938462102514
4.552469695532799
1.0657644163050146
0.48382663862874675
0.010218925591551086
1.9836043615955568
1.9224304134543864
0.8025259399159491
0.7189991811713565
2.08067993094684
1.5117532372057971
1.3086310271937414
0.7199985231106688
2.3088522870707493
0.23476021763850277
2.3073525626472913
1.960739019929365
0.2145186626745702
0.45591205843790167
1.1975015057520306
1.831338564411429
1.3545268635652061
0.5012774973905187
1.7301954397236035
