0.0 1.0
0.05 0.9956277636171283
0.1 0.9984889695057476
0.15000000000000002 0.997608012622457
0.2 0.9955226133854121
0.25 0.9989230124252036
0.3 0.9940067648260388
0.35 0.997367351490911
0.39999999999999997 0.9948315526137654
0.44999999999999996 0.993725538695532
0.49999999999999994 0.995857922941836
0.5499999999999999 0.990890500583365
0.6 0.9944459879173392
0.65 0.9905497559392122
0.7000000000000001 0.9905311647912016
0.7500000000000001 0.9912607914869136
0.8000000000000002 0.9867270475755168
0.8500000000000002 0.990189303953093
0.9000000000000002 0.9853503874036796
0.9500000000000003 0.9864344255841402
1.0000000000000002 0.9857736632720558
1.0500000000000003 0.9820990224630582
1.1000000000000003 0.9852186268289658
1.1500000000000004 0.9799111818690396
1.2000000000000004 0.9820328803732554
1.2500000000000004 0.980102854611212
1.3000000000000005 0.9776289103049886
1.3500000000000005 0.9801927947581494
1.4000000000000006 0.974902056046171
1.4500000000000006 0.9779219271932788
1.5000000000000007 0.9749185771543514
1.5500000000000007 0.9738918185298217
1.6000000000000008 0.9757116818650245
1.6500000000000008 0.970911656706567
1.7000000000000008 0.974609982180644
1.7500000000000009 0.9707911070946436
1.800000000000001 0.9713472622323026
1.850000000000001 0.9722592489523242
1.900000000000001 0.968396991410221
1.950000000000001 0.9724670877659358
2.000000000000001 0.9681571318521917
2.0500000000000007 0.970294002329592
2.1000000000000005 0.9701818982731854
2.1500000000000004 0.9676479168191238
2.2 0.9717070134236034
2.25 0.9672994905469928
2.3 0.9708484931532372
2.3499999999999996 0.9696851412842364
2.3999999999999995 0.9687611681726944
2.4499999999999993 0.9723931249586794
2.499999999999999 0.968325803896933
2.549999999999999 0.9729462344811378
2.5999999999999988 0.9708285981835488
2.6499999999999986 0.9716271355113566
2.6999999999999984 0.9744513787305726
2.7499999999999982 0.9711445756191054
2.799999999999998 0.9763606366871496
2.849999999999998 0.9735086111634867
2.8999999999999977 0.9759368964525978
2.9499999999999975 0.9776741926881692
2.9999999999999973 0.975452304456864
3.049999999999997 0.9807272432377124
3.099999999999997 0.9774371488561732
3.149999999999997 0.981210762575276
3.1999999999999966 0.9817131431903292
3.2499999999999964 0.9807483394858552
3.2999999999999963 0.9855637848287088
3.349999999999996 0.9821409470708716
3.399999999999996 0.9868414212395434
3.4499999999999957 0.9860794502061838
3.4999999999999956 0.986383560483511
3.5499999999999954 0.9902928557177316
3.599999999999995 0.9870018568404856
3.649999999999995 0.9921479941500254
3.699999999999995 0.9901793800868444
3.7499999999999947 0.9916381055268108
3.7999999999999945 0.9942881074784692
3.8499999999999943 0.9913420763411204
3.899999999999994 0.9964472552195698
3.949999999999994 0.9933977341470126
3.999999999999994 0.9958199588714822
4.049999999999994 0.996958637274813
4.099999999999993 0.9945396460023705
4.149999999999993 0.9991469466629062
4.199999999999993 0.9952164074497548
4.249999999999993 0.9983720181728084
4.299999999999993 0.9978616185644352
4.3499999999999925 0.996145681946382
4.399999999999992 0.9998490358040988
4.449999999999992 0.995331790852775
4.499999999999992 0.9989656281469388
4.549999999999992 0.99680817151673
4.599999999999992 0.9959678871995544
4.6499999999999915 0.9984331863284952
4.699999999999991 0.993726660551088
4.749999999999991 0.9975542982284258
4.799999999999991 0.9939197252295546
4.849999999999991 0.9940931159709782
4.899999999999991 0.9950894814195268
4.94999999999999 0.990667081854438
4.99999999999999 0.9943727845172012
