0.0 1.0
4.4 0.9995950188966948
8.8 0.99843654196337
13.200000000000001 0.9966042186103434
17.6 0.9941127945231434
22.0 0.990974988892899
26.400000000000002 0.98729748216774
30.800000000000004 0.9832087059774755
35.2 0.9787481779784862
39.6 0.9739122672489822
44.0 0.96875706111231
48.400000000000006 0.963359096341091
52.800000000000004 0.9576955484634566
57.2 0.951678877925781
61.60000000000001 0.9452712652951948
66.0 0.9384814205008556
70.4 0.9312463459432893
74.80000000000001 0.9234459955013228
79.2 0.9150246253156196
83.60000000000001 0.906010213942656
88.0 0.8963992597849351
92.4 0.8861361858205625
96.80000000000001 0.8752305781512284
101.2 0.8637873679104453
105.60000000000001 0.8518957000051185
110.00000000000001 0.8395707361982478
114.4 0.8268592092427314
118.80000000000001 0.813884463789654
123.20000000000002 0.8007463022603083
127.60000000000001 0.7874399298099133
132.0 0.7739481797933995
136.4 0.760315523016548
140.8 0.7465685928070767
145.20000000000002 0.73262946338874
149.60000000000002 0.7183918130459813
154.0 0.7038271491932035
158.4 0.6889279854315562
162.8 0.6736163945170719
167.20000000000002 0.6577938288425521
171.60000000000002 0.6414627138889037
176.0 0.6246882252160294
180.4 0.6074924400686789
184.8 0.5898703684393958
189.20000000000002 0.5719069848839822
193.60000000000002 0.5537607373058
198.00000000000003 0.5355425453483835
202.4 0.5173014254923654
206.8 0.4991293878347411
211.20000000000002 0.4811782995643117
215.60000000000002 0.4635399633206168
220.00000000000003 0.4462114486574959
224.4 0.4291926056444361
228.8 0.4125466221173656
233.20000000000002 0.3963051005817038
237.60000000000002 0.3804178776510636
242.00000000000003 0.3648415794096188
246.40000000000003 0.349634532115516
250.8 0.3348960318690058
255.20000000000002 0.3206902866743185
259.6 0.307103752683122
264.0 0.2943438447443699
268.40000000000003 0.2827052378084819
272.8 0.2724558072021362
277.20000000000005 0.2638287347114635
281.6 0.2570870938865904
286.0 0.2525100888463622
290.40000000000003 0.2502630350679166
294.8 0.2503413146756533
299.20000000000005 0.2526365281315926
303.6 0.2570191819126912
308.0 0.2633021094327626
312.40000000000003 0.2712025213084315
316.8 0.2804095077713202
321.20000000000005 0.2907076462761796
325.6 0.301972628870948
330.0 0.3140786649074606
334.40000000000003 0.326886398920495
338.8 0.340335205676629
343.20000000000005 0.35446089718414
347.6 0.3692820669018756
352.0 0.3847415021510993
356.40000000000003 0.4007806825954402
360.8 0.4174044673212722
365.20000000000005 0.4345919447254865
369.6 0.4522214646953171
374.00000000000006 0.4701350153864066
378.40000000000003 0.4882443123844722
382.8 0.5064799210487778
387.20000000000005 0.5247010154922648
391.6 0.5427393434353777
396.00000000000006 0.5605177551447925
400.40000000000003 0.578030387956395
404.8 0.5952301017188263
409.20000000000005 0.6120413953456126
413.6 0.6284703156762508
418.00000000000006 0.6446097307181515
422.40000000000003 0.6605113097046041
426.8 0.6761657151267922
431.20000000000005 0.6916024128328235
435.6 0.7069207603253226
440.00000000000006 0.7221680622113776
444.40000000000003 0.7372935294226372
448.8 0.7522481785532995
453.20000000000005 0.7670449036735607
457.6 0.7816626783251346
462.00000000000006 0.7959797552365826
466.40000000000003 0.8098739702464733
470.8 0.8233059223586088
475.20000000000005 0.8362494912424787
479.6 0.8486025439965934
484.00000000000006 0.8602711337482888
488.40000000000003 0.871264677945064
492.80000000000007 0.8816410323580105
497.20000000000005 0.891396221596263
501.6 0.9005160880085596
506.00000000000006 0.9090793707968806
510.40000000000003 0.9172128467334272
514.8000000000001 0.9249709487902626
519.2 0.9323529176138586
523.6 0.9394171585046848
528.0 0.9462565650594166
532.4000000000001 0.9528823551389421
536.8000000000001 0.9592179921105738
541.2 0.9652254174252296
545.6 0.9709138564077636
550.0 0.976232579503706
554.4000000000001 0.981049185796658
558.8000000000001 0.9852746249140674
563.2 0.9889051920522868
567.6 0.9919166211094858
572.0 0.9942225720779676
576.4000000000001 0.9957805746603716
580.8000000000001 0.996656589464478
585.2 0.9969173490139318
589.6 0.9965633370086526
594.0 0.9956104541683874
598.4000000000001 0.9941691129388406
602.8000000000001 0.9923470168658318
607.2 0.9901587614785528
611.6 0.9875922736911714
616.0 0.9847023133181432
620.4000000000001 0.981542848428704
624.8000000000001 0.9780625130127594
629.2 0.974164026447009
633.6 0.969812932836309
638.0 0.9650061510800698
642.4000000000001 0.9596593116903503
646.8000000000001 0.9536508500112066
651.2 0.9469391064986474
655.6 0.9395551437911234
660.0 0.9314830314465358
664.4000000000001 0.9226714226642906
668.8000000000001 0.913150355322269
673.2 0.903035896415571
677.6 0.8924081776587653
682.0 0.8812839988318568
686.4000000000001 0.8697300711058641
690.8000000000001 0.8578820285277461
695.2 0.8458308166691395
699.6 0.8335671601806809
704.0 0.8210915227540578
708.4000000000001 0.8084617123040413
712.8000000000001 0.7956975987483169
717.2 0.7827133322695671
721.6 0.7694188313986303
726.0000000000001 0.7558021637794254
730.4000000000001 0.7418519105373903
734.8000000000001 0.727479602510061
739.2 0.7125979197894604
743.6 0.6972256101432419
748.0000000000001 0.681421371535027
752.4000000000001 0.6651887238385994
756.8000000000001 0.6485203793561558
761.2 0.6315089884997144
765.6 0.6142968571780614
770.0000000000001 0.596961756547297
774.4000000000001 0.5795310745211332
778.8000000000001 0.5620911520145147
783.2 0.5447689398959064
787.6 0.5276110666420263
792.0000000000001 0.5105793374296935
796.4000000000001 0.4936612604397884
800.8000000000001 0.4768977616301267
805.2 0.460273344987319
809.6 0.4436956544064936
814.0000000000001 0.4271034895649903
818.4000000000001 0.4105335500737786
822.8000000000001 0.3940286260079971
827.2 0.3775874987870473
831.6 0.3612528835973686
836.0000000000001 0.345194857361677
840.4000000000001 0.3296391381751579
844.8000000000001 0.3147768114152445
849.2 0.300811425447376
853.6 0.2880378235407114
858.0000000000001 0.2767941952175118
862.4000000000001 0.2673361353991599
866.8000000000001 0.2598268096369652
871.2 0.2544050059115348
875.6 0.2511914425581694
880.0000000000001 0.2501891755575248
