-1.7677669529663687 0.0 -0.0
-1.7536248173426379 0.0 0.0
-1.7394826817189069 0.0 0.0
-1.7253405460951758 0.0 0.0
-1.7111984104714448 -0.0 -0.0
-1.697056274847714 -0.0 -0.0
-1.682914139223983 -0.0 -0.0
-1.6687720036002522 -0.0 -0.0
-1.654629867976521 -0.0 -0.0
-1.6404877323527902 -0.0 0.0
-1.6263455967290592 -0.0 0.0
-1.6122034611053284 -0.0 0.0
-1.5980613254815974 -0.0 0.0
-1.5839191898578664 -0.0 0.0
-1.5697770542341354 -0.0 0.0
-1.5556349186104046 -0.0 0.0
-1.5414927829866736 -0.0 0.0
-1.5273506473629428 -0.0 0.0
-1.5132085117392116 -0.0 0.0
-1.4990663761154805 -0.0 0.0
-1.4849242404917498 -0.0 0.0
-1.4707821048680187 -0.0 0.0
-1.456639969244288 -0.0 0.0
-1.4424978336205567 -0.0 0.0
-1.428355697996826 -0.0 0.0
-1.414213562373095 -0.0 0.0
-1.4000714267493641 -0.0 -0.0
-1.3859292911256331 -0.0 -0.0
-1.3717871555019021 -0.0 -0.0
-1.357645019878171 -0.0 0.0
-1.3435028842544403 -0.0 0.0
-1.3293607486307093 -0.0 0.0
-1.3152186130069785 0.0 0.0
-1.3010764773832473 0.0 0.0
-1.2869343417595165 0.0 -0.0
-1.2727922061357855 0.0 -0.0
-1.2586500705120547 0.0 -0.0
-1.2445079348883237 0.0 0.0
-1.2303657992645924 0.0 0.0
-1.2162236636408617 0.0 -0.0
-1.2020815280171306 0.0 0.0
-1.1879393923933999 0.0 0.0
-1.1737972567696688 0.0 0.0
-1.1596551211459378 0.0 0.0
-1.1455129855222068 0.0 0.0
-1.131370849898476 0.0 0.0
-1.117228714274745 0.0 0.0
-1.103086578651014 0.0 0.0
-1.0889444430272832 0.0 0.0
-1.0748023074035522 0.0 0.0
-1.0606601717798212 0.0 0.0
-1.0465180361560904 0.0 0.0
-1.0323759005323594 0.0 0.0
-1.0182337649086284 0.0 0.0
-1.0040916292848974 0.0 0.0
-0.9899494936611665 0.0 0.0
-0.9758073580374356 0.0 -0.0
-0.9616652224137046 0.0 -0.0
-0.9475230867899737 0.0 -0.0
-0.9333809511662426 0.0 -0.0
-0.9192388155425117 0.0 -0.0
-0.9050966799187808 0.0 -0.0
-0.8909545442950498 0.0 -0.0
-0.8768124086713189 0.0 -0.0
-0.8626702730475879 0.0 -0.0
-0.848528137423857 0.0 -0.0
-0.8343860018001261 0.0 -0.0
-0.8202438661763951 0.0 -0.0
-0.8061017305526642 0.0 -0.0
-0.7919595949289332 0.0 -0.0
-0.7778174593052023 0.0 -0.0
-0.7636753236814714 1.0e-8 -0.0
-0.7495331880577403 1.0e-8 -0.0
-0.7353910524340094 3.0e-8 -0.0
-0.7212489168102784 6.0e-8 -0.0
-0.7071067811865475 1.2e-7 0.0
-0.6929646455628166 2.5e-7 0.0
-0.6788225099390855 4.9e-7 0.0
-0.6646803743153546 9.4e-7 0.0
-0.6505382386916236 1.8e-6 0.0
-0.6363961030678927 3.38e-6 0.0
-0.6222539674441618 6.25e-6 0.0
-0.6081118318204308 1.135e-5 0.0
-0.5939696961966999 2.028e-5 0.0
-0.5798275605729689 3.562e-5 0.0
-0.565685424949238 6.15e-5 0.0
-0.551543289325507 0.00010442 1.0e-8
-0.5374011537017761 0.00017431 2.0e-8
-0.5232590180780452 0.00028607 4.0e-8
-0.5091168824543142 0.00046154 1.2e-7
-0.49497474683058323 0.00073199 3.3e-7
-0.4808326112068523 0.00114111 8.5e-7
-0.4666904755831213 0.0017484 2.1e-6
-0.4525483399593904 0.00263264 5.03e-6
-0.43840620433565947 0.00389518 1.163e-5
-0.4242640687119285 0.00566219 2.596e-5
-0.41012193308819755 0.00808513 5.602e-5
-0.3959797974644666 0.01133823 0.00011688
-0.3818376618407357 0.01561186 0.00023576
-0.3676955262170047 0.0211004 0.0004599
-0.35355339059327373 0.02798375 0.00086752
-0.3394112549695428 0.03640184 0.00158237
-0.3252691193458118 0.04642265 0.00279048
-0.3111269837220809 0.05800514 0.00475659
-0.29698484809834996 0.0709601 0.00783451
-0.282842712474619 0.0849133 0.01246323
-0.26870057685088805 0.09927681 0.0191377
-0.2545584412271571 0.1132351 0.02834294
-0.24041630560342614 0.12575268 0.0404433
-0.2262741699796952 0.1356092 0.05552665
-0.21213203435596426 0.14146555 0.07321791
-0.1979898987322333 0.1419611 0.09249405
-0.18384776310850234 0.13583809 0.11155099
-0.1697056274847714 0.12208377 0.1277845
-0.15556349186104046 0.10007684 0.13794408
-0.1414213562373095 0.06972077 0.13849601
-0.12727922061357855 0.03154515 0.12618723
-0.1131370849898476 -0.01324288 0.09874221
-0.09899494936611665 -0.06277128 0.05556564
-0.0848528137423857 -0.11458736 -0.00171719
-0.07071067811865475 -0.16581266 -0.069052
-0.0565685424949238 -0.21335794 -0.14020168
-0.04242640687119285 -0.25417869 -0.20747635
-0.0282842712474619 -0.28554464 -0.26285743
-0.01414213562373095 -0.30529296 -0.29931352
0.0 -0.31203524 -0.31203524
0.01414213562373095 -0.30529296 -0.29931352
0.0282842712474619 -0.28554464 -0.26285743
0.04242640687119285 -0.25417869 -0.20747635
0.0565685424949238 -0.21335794 -0.14020168
0.07071067811865475 -0.16581266 -0.069052
0.0848528137423857 -0.11458736 -0.00171719
0.09899494936611665 -0.06277128 0.05556564
0.1131370849898476 -0.01324288 0.09874221
0.12727922061357855 0.03154515 0.12618723
0.1414213562373095 0.06972077 0.13849601
0.15556349186104046 0.10007684 0.13794408
0.1697056274847714 0.12208377 0.1277845
0.18384776310850234 0.13583809 0.11155099
0.1979898987322333 0.1419611 0.09249405
0.21213203435596426 0.14146555 0.07321791
0.2262741699796952 0.1356092 0.05552665
0.24041630560342614 0.12575268 0.0404433
0.2545584412271571 0.1132351 0.02834294
0.26870057685088805 0.09927681 0.0191377
0.282842712474619 0.0849133 0.01246323
0.29698484809834996 0.0709601 0.00783451
0.3111269837220809 0.05800514 0.00475659
0.3252691193458118 0.04642265 0.00279048
0.3394112549695428 0.03640184 0.00158237
0.35355339059327373 0.02798375 0.00086752
0.3676955262170047 0.0211004 0.0004599
0.3818376618407357 0.01561186 0.00023576
0.3959797974644666 0.01133823 0.00011688
0.41012193308819755 0.00808513 5.602e-5
0.4242640687119285 0.00566219 2.596e-5
0.43840620433565947 0.00389518 1.163e-5
0.4525483399593904 0.00263264 5.03e-6
0.4666904755831213 0.0017484 2.1e-6
0.4808326112068523 0.00114111 8.5e-7
0.49497474683058323 0.00073199 3.3e-7
0.5091168824543142 0.00046154 1.2e-7
0.5232590180780452 0.00028607 4.0e-8
0.5374011537017761 0.00017431 2.0e-8
0.551543289325507 0.00010442 1.0e-8
0.565685424949238 6.15e-5 0.0
0.5798275605729689 3.562e-5 0.0
0.5939696961966999 2.028e-5 0.0
0.6081118318204308 1.135e-5 0.0
0.6222539674441618 6.25e-6 0.0
0.6363961030678927 3.38e-6 0.0
0.6505382386916236 1.8e-6 0.0
0.6646803743153546 9.4e-7 0.0
0.6788225099390855 4.9e-7 0.0
0.6929646455628166 2.5e-7 0.0
0.7071067811865475 1.2e-7 0.0
0.7212489168102784 6.0e-8 -0.0
0.7353910524340094 3.0e-8 -0.0
0.7495331880577403 1.0e-8 -0.0
0.7636753236814714 1.0e-8 -0.0
0.7778174593052023 0.0 -0.0
0.7919595949289332 0.0 -0.0
0.8061017305526642 0.0 -0.0
0.8202438661763951 0.0 -0.0
0.8343860018001261 0.0 -0.0
0.848528137423857 0.0 -0.0
0.8626702730475879 0.0 -0.0
0.8768124086713189 0.0 -0.0
0.8909545442950498 0.0 -0.0
0.9050966799187808 0.0 -0.0
0.9192388155425117 0.0 -0.0
0.9333809511662426 0.0 -0.0
0.9475230867899737 0.0 -0.0
0.9616652224137046 0.0 -0.0
0.9758073580374356 0.0 -0.0
0.9899494936611665 0.0 0.0
1.0040916292848974 0.0 0.0
1.0182337649086284 0.0 0.0
1.0323759005323594 0.0 0.0
1.0465180361560904 0.0 0.0
1.0606601717798212 0.0 0.0
1.0748023074035522 -0.0 0.0
1.0889444430272832 -0.0 0.0
1.103086578651014 -0.0 0.0
1.117228714274745 -0.0 0.0
1.131370849898476 -0.0 0.0
1.1455129855222068 -0.0 0.0
1.1596551211459378 -0.0 0.0
1.1737972567696688 -0.0 0.0
1.1879393923933999 -0.0 0.0
1.2020815280171306 -0.0 0.0
1.2162236636408617 -0.0 -0.0
1.2303657992645924 -0.0 0.0
1.2445079348883237 -0.0 0.0
1.2586500705120547 -0.0 -0.0
1.2727922061357855 -0.0 -0.0
1.2869343417595165 -0.0 -0.0
1.3010764773832473 -0.0 0.0
1.3152186130069785 -0.0 0.0
1.3293607486307093 0.0 0.0
1.3435028842544403 0.0 0.0
1.357645019878171 0.0 0.0
1.3717871555019021 0.0 -0.0
1.3859292911256331 0.0 -0.0
1.4000714267493641 0.0 -0.0
1.414213562373095 0.0 0.0
1.428355697996826 0.0 0.0
1.4424978336205567 0.0 0.0
1.456639969244288 0.0 0.0
1.4707821048680187 0.0 0.0
1.4849242404917498 0.0 0.0
1.4990663761154805 0.0 0.0
1.5132085117392116 0.0 0.0
1.5273506473629428 0.0 0.0
1.5414927829866736 0.0 0.0
1.5556349186104046 0.0 0.0
1.5697770542341354 0.0 0.0
1.5839191898578664 0.0 0.0
1.5980613254815974 0.0 0.0
1.6122034611053284 0.0 0.0
1.6263455967290592 0.0 0.0
1.6404877323527902 0.0 0.0
1.654629867976521 0.0 -0.0
1.6687720036002522 0.0 -0.0
1.682914139223983 0.0 -0.0
1.697056274847714 0.0 -0.0
1.7111984104714448 0.0 -0.0
1.7253405460951758 0.0 0.0
1.7394826817189069 0.0 0.0
1.7536248173426379 0.0 0.0
1.7677669529663687 0.0 -0.0
