-24.42505838235548 0.6971599105424998 -24.423994763532214 0.6964894725732809
-22.978597968671373 0.6856219724536073 -22.976283210947457 0.6850951674691379
-21.50974392668985 0.6760509761245694 -21.506367769644626 0.6755936648837366
-20.021565847933044 0.6679233603447005 -20.017173194680353 0.6674633991780397
-18.51642851652634 0.6608962041051417 -18.51087243371152 0.6603309975372057
-16.996210178274655 0.6547331626589479 -16.988994184785476 0.6538663746847146
-15.46243845092786 0.6492647770258408 -15.45227149907748 0.6476344584842769
-13.916379652385103 0.6443656378827293 -13.899780658072956 0.6406557123757954
-12.359100048449115 0.6399404937140422 -12.324559509040027 0.6291122235541456
-10.791509304760435 0.6359154105801086 -10.661699708758633 0.5759777819586729
-9.214392194596421 0.6322319329555061 -8.409929961476777 0.3613550420216094
-7.628432291832355 0.6288431038648016 -6.264183578244175 0.6561114291763215
-6.034230037120754 0.6257106785230641 -5.396447229561462 4.73168182525143
-4.432316756932385 0.6228031277491014 -5.076260989522031 2.330833167373014
-2.8231657098653926 0.6200941779560755 -4.047006481147562 0.6136935096735747
-1.2072009088810005 0.617561724224336 -1.9117272270349455 0.3786328936195533
0.4151957476716982 0.6151870081306301 0.2874043483245355 0.5690928440137123
2.043678649783528 0.6129539869151694 1.9979616886194753 0.6009860414099792
3.67793366925273 0.6108488432009799 3.655750485130522 0.6054568238305974
5.317674159511727 0.6088595994936938 5.3066785389231175 0.6059832344101462
6.962637599877779 0.6069758118427483 6.957855799420798 0.6052741715752765
8.61258275981086 0.6051883240426091 8.611599314943476 0.6041043400056865
10.267287286507342 0.6034890686505373 10.268790247016007 0.6027587001546064
11.926545639938908 0.6018709045817928 11.929762980132748 0.6013566184295659
13.590167315192863 0.6003274835526258 13.594616024021631 0.5999522542063744
15.257975304032039 0.598853139474737 15.263338106820484 0.5985712602609353
16.929804756923325 0.5974427962580985 16.935864783516386 0.5972258290891103
18.60550181406787 0.5960918904910742 18.61210581821655 0.5959214265684171
20.2849225797018 0.5947963062276217 20.291959178294874 0.5946600209306244
21.967932218489437 0.5935523196930904 21.9753184698098 0.593441718877056
23.65440415647133 0.5923565521653017 23.662076982796737 0.5922656318081412
24.9211529974841 1.1829766086053553 24.92901184219412 1.182818660663209
25.840222513267115 1.0072382361825327 25.843899853888644 1.0159113142308034
26.946616203362623 0.819689868153599 26.945881756396812 0.8199235422188048
28.144831263337526 0.8500101650440942 28.148517770255054 0.8434219864209684
29.157675772796637 1.1775338323241604 29.165994191724234 1.177430915124847
30.00728035708268 1.176502881450777 30.01567011403278 1.176408148790014
30.857623291282316 1.1754898153939497 30.866078574451215 1.1754033138078726
31.84860779490411 0.8839702367656852 31.851766381604477 0.8923760498909735
33.01883003512687 0.8270035359255692 33.01651873670853 0.8271976623344085
34.158171301146865 0.9350182343693296 34.16120636527542 0.9255194212662012
35.12002803680411 1.170664625949661 35.12841027167323 1.171051434054115
35.97458955798649 1.1697172870177388 35.98243810266927 1.1707926509210884
36.829866507187766 1.168706980344064 36.836431479522986 1.1711459398461757
37.84937607109384 0.8450423387854541 37.850476583076045 0.8516250631092503
39.041012199465754 0.8334030634364255 39.037425065315844 0.8335616551818757
40.16986152769749 0.9453591313998674 40.162985079270506 0.9510687299619545
41.13699775395146 1.1409359461171218 41.12723318333955 1.140189117491085
42.022536673687455 1.1178124634328177 42.01502669402828 1.1129170854984285
42.93160937124911 1.0827890212718188 42.92885865342896 1.0762821608746647
43.908654652963946 0.9703559981530078 43.906414714865804 0.9746705173491603
45.01982646489783 0.8390711752967848 45.01521379846477 0.8392004433848386
46.21086980481599 0.840129511554742 46.20607743088881 0.8402536368861204
47.40042986318657 0.8411649674539518 47.395465346191024 0.841284173822012
48.588542029842216 0.8421783910361295 48.583412578467374 0.8422928939373716
49.77524028668811 0.8431705859593199 49.769952769695806 0.8432805923305883
50.96055728557013 0.8441423144842565 51.07547030463431 0.7016607535748426
52.221035073727094 0.7483230799915145 52.78521584239529 0.5014288420746953
53.66946132659231 0.6408073965232188 54.0271389624704 2.0427117868437645
55.29816467665407 0.589318461652953 54.737919270067685 1.072943767762283
56.80160399722803 0.7633568896189701 56.32718172758844 0.44513497300608934
58.045131014557654 0.8495810087463034 58.03890401778587 0.8496646250232962
59.31604306171234 0.7327224228277522 59.30005210356792 0.743294804490181
61.07815017401656 0.4630828235422964 61.06199876078189 0.45902467972677663
62.74412168577273 0.852876937069244 62.73746647771431 0.8529487865539611
64.07401747006647 0.6723640698825635 64.07064717910384 0.6693628288805368
65.82956732963225 0.4941174695549367 65.82605993977916 0.4958184036124581
67.42562155735435 0.8559458501703188 67.41860048434063 0.8560078119452514
69.17657473506742 0.4285209578358669 69.16943149624515 0.42855029749402
71.28220691749556 0.5325788568327307 71.27946570480475 0.530048437680277
73.02881088278494 0.6189835891756041 73.02596057883046 0.6225216956406951
74.99868544414647 0.43025605197639116 74.99117788071405 0.43028058539045216
77.3211126546019 0.43091245007578377 77.31347725594705 0.43093531866952856
79.64005806645642 0.43154902889913227 79.63230382566016 0.4315703599891458
81.95563565977173 0.4321668011977876 81.94777085492613 0.43218671065127107
84.26795324535571 0.4327667073278512 84.25998550642426 0.4327853007174912
86.57711292579746 0.4333496218523288 86.56904929441495 0.4333669954878981
88.88321151292266 0.4339163594149868 88.87505849593722 0.43393260126494554
91.1863409066165 0.4344676799813141 91.17810452408449 0.4344828704950317
93.48658843931102 0.4350042935238247 93.47827426757198 0.43501850636646816
95.78403718988139 0.43552686422177206 95.77565040026693 0.43554016692986747
98.07876627024515 0.436036014223468 98.07031166388015 0.4360484688029697
100.37085108788357 0.43653232690660126 100.36233312686304 0.4365439904127579
102.6603635905639 0.4370163484916006 102.65178642454742 0.43702727402154273
104.94737253331121 0.4374885761744796 104.93874001264089 0.4374988168803712
107.23194411789854 0.4379493253959529 107.22325973970904 0.4379589560643909
109.51414588043308 0.438397611223597 109.50541242602586 0.4384068253935583
111.79407445001756 0.4388230601273943 111.78529265448341 0.4388324461432815
114.07203038933557 0.439157174307404 114.06319696324344 0.43916768928413286
116.34940967338545 0.43904526060837146 116.34052671380876 0.43905384763211763
118.63206560153239 0.4371312666239324 118.62319958507193 0.4371162798784548
120.9383925881396 0.4301053775154367 120.92985092528454 0.4299999079843501
123.3082716674181 0.4141221380816485 123.30109336332168 0.4137526441909322
125.79975387888942 0.38937506298660973 125.79833334124571 0.38796125607994764
128.472197216834 0.3601437818587529 128.57838165079443 0.3352869783213596
131.37669457790156 0.3297798532533629 131.47139042104425 0.3566972538404502
134.5656285689227 0.29890522499862404 134.21214834614995 0.37341049104851687
138.11504670389175 0.2664326168204624 137.76219795505833 0.22613786151844992
142.16583740169034 0.22997561085212148 142.15034134953515 0.22966302205063183
147.05895520643207 0.18389288031375597 147.04695683487176 0.18385646663869518
