0.0 1.41421356
3.8499999999999996 1.45829911
7.699999999999999 1.50688295
11.549999999999999 1.54526507
15.399999999999999 1.54442922
19.25 1.54788705
23.099999999999998 1.52336146
26.949999999999996 1.47222879
30.799999999999997 1.42943738
34.65 1.43427246
38.5 1.50017531
42.349999999999994 1.53205067
46.199999999999996 1.55167566
50.05 1.54223381
53.89999999999999 1.53836085
57.74999999999999 1.48694058
61.599999999999994 1.44203056
65.44999999999999 1.43465588
69.3 1.47828841
73.14999999999999 1.53242606
77.0 1.54190637
80.85 1.55088918
84.69999999999999 1.53321777
88.55 1.50946055
92.39999999999999 1.44727372
96.24999999999999 1.43951303
100.1 1.46770766
103.94999999999999 1.52035444
107.79999999999998 1.54377018
111.64999999999999 1.5469298
115.49999999999999 1.54163765
119.35 1.51106205
123.19999999999999 1.46787123
127.04999999999998 1.43033624
130.89999999999998 1.46780649
134.75 1.50642064
138.6 1.54462378
142.45 1.54449907
146.29999999999998 1.54786813
150.14999999999998 1.51821471
154.0 1.47414165
157.85 1.43697111
161.7 1.4483792
165.54999999999998 1.50710066
169.39999999999998 1.53235668
173.24999999999997 1.55175725
177.1 1.54166198
180.95 1.53429112
184.79999999999998 1.47780961
188.64999999999998 1.43988017
192.49999999999997 1.4373836
196.35 1.48822099
200.2 1.53468303
204.04999999999998 1.54294304
207.89999999999998 1.54985368
211.74999999999997 1.5334931
215.59999999999997 1.5012837
219.45 1.43533299
223.29999999999998 1.43242788
227.14999999999998 1.46698648
230.99999999999997 1.52655805
234.84999999999997 1.54345235
238.7 1.54900486
242.54999999999998 1.54176708
246.39999999999998 1.51247523
250.24999999999997 1.45661527
254.09999999999997 1.41644378
257.95 1.45773574
261.79999999999995 1.50512855
265.65 1.54697113
269.5 1.54326866
273.34999999999997 1.55002252
277.2 1.52163306
281.04999999999995 1.47649484
284.9 1.42512309
288.75 1.43546244
292.59999999999997 1.49731842
296.45 1.53108236
300.29999999999995 1.55153636
304.15 1.54135553
308.0 1.53977414
311.84999999999997 1.48616978
315.7 1.44528312
319.54999999999995 1.42829786
323.4 1.48005668
327.24999999999994 1.5271064
331.09999999999997 1.5450797
334.95 1.5477276
338.79999999999995 1.5379214
342.65 1.50905798
346.49999999999994 1.45007093
350.34999999999997 1.4396758
354.2 1.46322982
358.04999999999995 1.52209794
361.9 1.54126871
365.74999999999994 1.54989478
369.59999999999997 1.53940209
373.45 1.51649642
377.29999999999995 1.46652526
381.15 1.43324114
384.99999999999994 1.46513154
388.84999999999997 1.50407408
392.7 1.54571674
396.54999999999995 1.54220923
400.4 1.54907485
404.24999999999994 1.51661499
408.09999999999997 1.47959752
411.95 1.43346035
415.79999999999995 1.45090757
419.65 1.50195193
423.49999999999994 1.53330295
427.34999999999997 1.54990669
431.19999999999993 1.54328502
435.04999999999995 1.53425711
438.9 1.47996618
442.74999999999994 1.44322578
446.59999999999997 1.43354742
450.44999999999993 1.4906815
454.29999999999995 1.53008068
458.15 1.54681505
461.99999999999994 1.54722053
465.84999999999997 1.53817634
469.69999999999993 1.499874
473.54999999999995 1.43959165
477.4 1.43228812
481.24999999999994 1.4645142
485.09999999999997 1.52766948
488.94999999999993 1.54061193
492.79999999999995 1.55114864
496.65 1.53909859
