1 -32.61768728373538 -32.60485413261391
2 -31.746666617281715 -31.73364692689225
3 -30.88564609898278 -30.87239015490961
4 -30.036321842571276 -30.023130420740415
5 -30.036321836117793 -30.02272269914241
6 -29.200939106739785 -29.18740662228931
7 -29.20093879818116 -29.18672070597015
8 -28.382612815254713 -28.359065031941594
9 -28.38260394471757 -28.324047086815604
10 -27.586032357094503 -27.56299992798406
11 -27.58585419726129 -27.559863015369352
12 -26.8199268581892 -26.812422604578494
13 -26.817308242446632 -26.6953921167708
14 -26.110270478235172 -26.117675992359047
15 -26.08295598473637 -25.86950350450466
16 -25.523886550362263 -25.568165157770398
17 -25.371497926236415 -25.45772672055231
18 -24.96197640930912 -24.935031473561793
19 -24.641467003081818 -24.835635469782222
20 -24.251123670477977 -24.231738380008043
21 -23.85904956847859 -23.8594035253852
22 -23.44590393286422 -23.44602363426831
23 -23.0211643991045 -23.011676081395773
24 -22.583831958328265 -22.572995687558564
25 -22.135757182567712 -22.123771581861643
26 -21.67756926666141 -21.66331363251845
27 -21.210062670690537 -21.1964884402454
28 -20.73382534310406 -20.719712902851725
29 -20.249392580754122 -20.236268735122362
30 -19.75722529892982 -19.742256703739493
31 -19.25773501883359 -19.242173698041615
32 -18.751289426396884 -18.73520207929675
33 -18.238220660925315 -18.221594086361097
34 -17.718830437609622 -17.701648716213082
35 -17.193394509801067 -17.175636661789248
36 -16.6621661205116 -16.643806801773003
37 -16.12537885938906 -16.10638877682389
38 -15.583249005658615 -15.5635950455962
39 -15.035977482214173 -15.015621693581506
40 -14.483751480808696 -14.462653993452784
41 -13.926745786771802 -13.904859025207656
42 -13.365123764936317 -13.342388398713053
43 -12.799037842622969 -12.775384137475207
44 -12.22862908595252 -12.2039519586246
45 -11.654024964879362 -11.628153597221589
46 -11.075333655826508 -11.047965224971366
47 -10.492631788922376 -10.463215151993705
48 -9.905941784424883 -9.873461791853437
49 -9.315192948256101 -9.277876859973484
50 -8.720166982170582 -8.674888387923735
51 -8.120427326996435 -8.06178703158595
52 -7.515265868941773 -7.433573310869063
53 -6.903661203623317 -6.778990510874631
54 -6.2843306242931956 -6.06174901632202
55 -5.655725695900475 -5.136373400213184
56 -5.016173514973513 -3.5089308704037796
57 -4.363703363638176 -2.611445830724054
58 -3.696329943977947 -2.495899583919796
59 -3.0116900055787803 -2.4416095153101867
60 -2.3078419606628935 -2.4388582316414045
61 -1.5825721630103364 -2.138815742373628
62 -0.8347095383638173 -2.138626072673753
63 -0.06259886800217417 -2.0677648473341264
64 0.7340481697931946 -0.645541643221895
65 1.5566140897069405 1.216094508243699
66 2.4048610624991125 2.2493977758775054
67 3.2803133940479503 3.1894326246889166
68 4.182466401965388 4.124646757395523
69 5.113228165206833 5.074833555121889
70 6.071911094478512 6.045722274045038
71 7.060938733866274 7.042964211972992
72 8.079435939492937 8.067123992939974
73 9.130448726367595 9.122240464899251
74 10.212874344500706 10.207711618193128
75 11.330506997331279 11.327672564842914
76 12.481958327639994 12.480908560866915
77 13.671938702248498 13.672309320547967
78 14.898700079065812 14.900227455984357
79 16.168100959469196 16.170570156091586
80 17.477938927429122 17.481405513429127
81 18.8355467796591 18.967272030458943
82 20.238143828201984 20.239398523537755
83 21.695005992291104 21.57653911919359
84 23.20260793548385 23.206656476303856
85 24.772862932280045 24.778035537561067
86 25.38596282070788 25.38549058702625
87 26.40127181852901 26.4068561285036
88 27.098679839991416 27.09731940908353
89 28.10345387518355 28.10932633839609
90 28.79364603810175 28.791509414648942
91 29.873612463252517 29.87968909242002
92 30.472136383043306 30.469318140836187
93 31.73280221455311 31.739047642089098
94 32.135279795950154 32.13186043855983
95 33.67346127608495 33.67983326977851
96 33.784081575127665 33.78013015401096
97 35.41944157613703 35.41501775682335
98 35.72506699688203 35.73151792631057
99 37.042169090507386 37.03732480453134
100 37.87760612181446 37.884103964946206
101 38.65299512775534 38.64777591166144
102 40.17461431391256 40.181159680364445
103 40.25258263420202 40.2470287318328
104 41.84153505715885 41.835682344132906
105 42.6026392100236 42.60915677677258
106 43.42040357072456 43.414284348386275
107 44.98969321037333 44.98333690924879
108 45.23132376820342 45.237792874027754
109 46.54986811130294 46.54330194066082
110 48.04261163641032 48.048950193869445
111 48.10135600561777 48.09460558540184
112 49.644552102661706 49.63764212370895
113 51.16351979874881 51.16968971912265
114 51.17982245294985 51.17277740753601
115 52.70750687714797 52.70035194634407
116 54.22792152734074 54.22068372341325
117 54.57241188104808 54.578258577466855
118 55.74136113493837 55.7340708701319
119 57.24810099135814 57.24079435160074
120 58.56889007853326 58.57432084566878
121 58.74839869910487 58.74112089414638
122 60.24249572491588 60.2353065556592
123 61.730618781899864 61.72360173543636
124 63.16446593759148 63.16906360506695
125 63.212981062948195 63.206258768500156
126 64.68978334409744 64.68354639324808
127 66.16121497593957 66.15577684805541
128 67.62745477392242 67.62336633528783
129 69.08867182227591 69.08698116639438
130 70.01173289778421 70.01507882055293
131 70.54502620078851 70.54794134689887
132 71.99666964219792 72.00954177374587
133 73.44374613038764 73.48264204546322
134 74.88639244396592 75.02715046243371
135 76.3247386510688 78.18905495346733
136 77.75890856297877 78.40522527707667
137 79.18902014647571 78.58674494069312
138 80.61518590587936 78.6730861777678
139 82.03751322668312 81.88472485223981
140 83.45610470440474 83.39948008311016
141 84.8710584228102 84.83975649060015
142 86.28246825908948 86.26116812052095
143 87.69042406708195 87.6738877398192
144 89.0950120510517 89.08103427432012
145 90.4963146811021 90.48383359020563
146 91.89441153354534 91.88286297209717
147 93.28937809085016 93.27844141163153
148 94.68128891820672 94.6707677541348
149 96.07021127147769 96.05998624355077
150 97.45621951795826 97.4462026285338
151 98.83936415514572 98.829514449243
152 100.21973944767014 100.20999184661956
153 101.5973375082867 101.58771745173165
154 102.97236158595145 102.96274879986763
155 104.34455876921812 104.33513306026482
156 105.71462526955933 105.70501270739851
157 107.08127618771641 107.07215505057391
158 108.4472632025478 108.43738699549743
159 109.80717484260167 109.7988252975555
160 111.17171199174166 111.16094135719476
161 112.52015841004274 112.5142371383725
162 113.8914069056267 113.87818535018684
163 115.21305867643484 115.22930721291341
164 116.61418396797052 116.5796099384227
165 117.86708188081612 117.87841688582839
166 119.35454434164328 119.32607901069832
167 120.45035360205368 120.44969773284416
168 122.1314599408226 122.11639167021484
169 122.96763617526189 122.95329706909932
170 124.95953542029775 124.96771880665628
171 125.55258774006073 125.52592713638694
172 127.852519693104 127.81768116379214
173 128.35561058929093 128.35055717337428
174 130.8441041562998 130.8287826036663
175 131.38046520421398 131.36491908208802
176 133.9615195800724 133.94855531846744
177 134.58046324788637 134.5677088562822
178 137.2127377689811 137.20086762110017
179 137.93509634438993 137.9233606681574
180 140.6017991217319 140.5906022293377
181 141.44257518998322 141.4314570709421
182 144.13537935923387 144.1246713685513
183 145.1101915324646 145.09953143237612
184 147.8240757948154 147.81376153991988
185 148.9514932941187 148.941210091293
186 151.6830175384354 151.6730441888014
187 152.98630479417568 152.97634821643777
188 155.73292645431482 155.72325863720027
189 157.2423044305162 157.2326470134543
190 160.00205656618633 159.99266360335594
191 161.75831231703202 161.7489430005176
192 164.52963037756976 164.52050055048622
193 166.5905014699252 166.58140252164125
194 169.37212217738534 169.36324720000846
195 171.82478443695908 171.81594948404842
196 174.61568674600812 174.60706176655282
197 177.60470472780025 177.59613364383503
198 180.4040840697158 180.3957096225505
199 184.20841523449957 184.20011672006484
200 187.01570503441263 187.00758983032952
201 192.3609370140241 192.35294010985046
202 195.17598421256713 195.16815623563065
