0.0 1.0 0.0
0.01 0.99926587 -0.0
0.02 0.99707413 0.0
0.03 0.99345677 -0.0
0.04 0.9884672 0.0
0.05 0.98218086 -0.0
0.060000000000000005 0.97469487 0.0
0.07 0.96613026 3.0e-8
0.08 0.95663188 -0.0
0.09 0.94636864 3.0e-8
0.09999999999999999 0.93553886 4.5e-7
0.10999999999999999 0.92437363 3.1e-7
0.11999999999999998 0.91312694 -7.0e-8
0.12999999999999998 0.90207287 7.0e-7
0.13999999999999999 0.89150307 -2.57e-6
0.15 0.8817049 -2.1e-6
0.16 0.87292594 6.5e-7
0.17 0.86536289 8.2e-7
0.18000000000000002 0.85916278 -4.02e-6
0.19000000000000003 0.85443535 5.94e-6
0.20000000000000004 0.85122351 -4.09e-6
0.21000000000000005 0.84950738 1.61e-6
0.22000000000000006 0.84921272 2.14e-6
0.23000000000000007 0.85024191 -6.24e-6
0.24000000000000007 0.8524839 7.38e-6
0.25000000000000006 0.85580058 -8.23e-6
0.26000000000000006 0.86003216 4.83e-6
0.2700000000000001 0.86499851 -3.85e-6
0.2800000000000001 0.87051875 -4.72e-6
0.2900000000000001 0.87642966 7.88e-6
0.3000000000000001 0.88256716 1.342e-5
0.3100000000000001 0.88877273 -1.008e-5
0.3200000000000001 0.8948942 -8.03e-6
0.3300000000000001 0.90078497 7.98e-6
0.34000000000000014 0.90631757 1.268e-5
0.35000000000000014 0.9113816 7.61e-6
0.36000000000000015 0.91587855 -2.333e-5
0.37000000000000016 0.91972461 2.2e-5
0.38000000000000017 0.9228519 -1.928e-5
0.3900000000000002 0.92521264 -1.944e-5
0.4000000000000002 0.926779 -2.152e-5
0.4100000000000002 0.92752754 2.993e-5
0.4200000000000002 0.92746484 -1.516e-5
0.4300000000000002 0.92660465 1.617e-5
0.4400000000000002 0.92496727 1.691e-5
0.45000000000000023 0.92258544 -1.714e-5
0.46000000000000024 0.91951597 2.99e-5
0.47000000000000025 0.91580407 -3.64e-5
0.48000000000000026 0.91152051 -4.277e-5
0.49000000000000027 0.90674893 2.84e-5
0.5000000000000002 0.90156253 -2.56e-5
0.5100000000000002 0.89602727 1.646e-5
0.5200000000000002 0.89021062 3.746e-5
0.5300000000000002 0.88418537 4.049e-5
0.5400000000000003 0.87801385 5.319e-5
0.5500000000000003 0.87178938 -2.572e-5
0.5600000000000003 0.86559212 1.389e-5
0.5700000000000003 0.8594831 1.473e-5
0.5800000000000003 0.85350871 -6.842e-5
0.5900000000000003 0.84770742 7.545e-5
0.6000000000000003 0.84211742 8.161e-5
0.6100000000000003 0.83677306 4.885e-5
0.6200000000000003 0.83172188 0.0001154
0.6300000000000003 0.82700136 -0.0001182
0.6400000000000003 0.82263302 0.00011889
0.6500000000000004 0.81862256 -0.00011396
0.6600000000000004 0.81496393 -7.964e-5
0.6700000000000004 0.81165203 -0.00011605
0.6800000000000004 0.80867435 -0.00013239
0.6900000000000004 0.80603166 -9.791e-5
0.7000000000000004 0.80372321 0.00016114
0.7100000000000004 0.80173383 -0.000113
0.7200000000000004 0.80003427 -0.00010149
0.7300000000000004 0.79858723 0.00011132
0.7400000000000004 0.79735862 -0.00011309
0.7500000000000004 0.79631519 -0.00016294
0.7600000000000005 0.79542335 -0.00013876
0.7700000000000005 0.79466417 0.00014753
0.7800000000000005 0.79401154 -0.00018842
0.7900000000000005 0.79343018 -0.00014836
0.8000000000000005 0.79287821 -0.00013503
0.8100000000000005 0.79231408 -0.00014501
0.8200000000000005 0.79170578 0.00015218
0.8300000000000005 0.79101694 0.0001552
0.8400000000000005 0.79022972 0.00021592
0.8500000000000005 0.78932917 0.00017878
0.8600000000000005 0.78829531 0.00022063
0.8700000000000006 0.78710321 -0.00022388
0.8800000000000006 0.78572647 0.00018879
0.8900000000000006 0.78414493 0.0002211
0.9000000000000006 0.78234467 0.00020138
0.9100000000000006 0.78031935 0.00020475
0.9200000000000006 0.77807417 -0.00024785
0.9300000000000006 0.77561423 0.00020491
0.9400000000000006 0.7729424 0.00018927
0.9500000000000006 0.77005813 0.00017977
0.9600000000000006 0.7669592 -0.00021078
0.9700000000000006 0.76365024 0.00020326
0.9800000000000006 0.7601382 0.00016607
0.9900000000000007 0.75644596 -0.00020293
1.0000000000000007 0.75259964 -0.00020577
1.0100000000000007 0.74862061 0.00019708
1.0200000000000007 0.74452391 -0.00014253
1.0300000000000007 0.74032024 -0.00017465
1.0400000000000007 0.73602209 -0.00017514
1.0500000000000007 0.73164743 0.00016506
1.0600000000000007 0.7272191 0.0001841
1.0700000000000007 0.72276711 0.00017864
1.0800000000000007 0.71831804 -0.00017796
1.0900000000000007 0.71389233 -0.00012358
1.1000000000000008 0.70950425 0.00016088
1.1100000000000008 0.70516363 0.00015551
1.1200000000000008 0.70088137 -0.00015831
1.1300000000000008 0.6966766 -0.0001447
1.1400000000000008 0.69256375 -0.00014142
1.1500000000000008 0.68855357 -0.00014341
1.1600000000000008 0.68465437 -0.00013003
1.1700000000000008 0.6808733 8.56e-5
1.1800000000000008 0.67721558 9.104e-5
1.1900000000000008 0.6736838 -8.044e-5
1.2000000000000008 0.67027891 -9.511e-5
1.2100000000000009 0.66700015 0.00010654
1.2200000000000009 0.66384452 -9.153e-5
1.2300000000000009 0.66080756 8.594e-5
1.2400000000000009 0.65788351 8.978e-5
1.2500000000000009 0.65506481 -7.789e-5
1.260000000000001 0.65234283 7.409e-5
1.270000000000001 0.6497078 -4.007e-5
1.280000000000001 0.64714865 -3.648e-5
1.290000000000001 0.64465362 -3.528e-5
1.300000000000001 0.64221011 7.585e-5
1.310000000000001 0.63980486 -2.389e-5
1.320000000000001 0.63742436 -4.129e-5
1.330000000000001 0.63505476 -7.07e-5
1.340000000000001 0.63268232 7.173e-5
1.350000000000001 0.63029352 -5.644e-5
1.360000000000001 0.62787526 -2.782e-5
1.370000000000001 0.62541524 -3.359e-5
1.380000000000001 0.62290195 4.925e-5
1.390000000000001 0.62032513 2.199e-5
1.400000000000001 0.6176757 3.51e-5
1.410000000000001 0.61494616 3.344e-5
1.420000000000001 0.61213055 5.166e-5
1.430000000000001 0.60922466 5.37e-5
1.440000000000001 0.60622608 3.417e-5
1.450000000000001 0.6031342 -3.883e-5
1.460000000000001 0.59995029 6.808e-5
1.470000000000001 0.59667729 -8.16e-5
1.480000000000001 0.5933199 -4.481e-5
1.490000000000001 0.58988429 -3.376e-5
1.500000000000001 0.58637809 3.623e-5
1.5100000000000011 0.5828101 6.932e-5
1.5200000000000011 0.57919025 7.296e-5
1.5300000000000011 0.57552928 -9.868e-5
1.5400000000000011 0.57183865 -4.573e-5
1.5500000000000012 0.56813013 -6.249e-5
1.5600000000000012 0.56441565 9.295e-5
1.5700000000000012 0.56070682 -7.784e-5
1.5800000000000012 0.55701464 -5.878e-5
1.5900000000000012 0.55334901 0.00011926
1.6000000000000012 0.54971847 -6.576e-5
1.6100000000000012 0.54612987 -9.043e-5
1.6200000000000012 0.5425883 -7.874e-5
1.6300000000000012 0.53909709 0.00011151
1.6400000000000012 0.53565804 -0.0001298
1.6500000000000012 0.53227164 -0.00013207
1.6600000000000013 0.52893747 0.00012068
1.6700000000000013 0.52565445 0.00010231
1.6800000000000013 0.52242134 0.00010256
1.6900000000000013 0.51923679 0.00014827
1.7000000000000013 0.51609968 0.00014573
1.7100000000000013 0.51300914 0.00010759
1.7200000000000013 0.50996467 -9.72e-5
1.7300000000000013 0.50696613 0.00015927
1.7400000000000013 0.50401378 -0.00011915
1.7500000000000013 0.50110804 -0.00011545
1.7600000000000013 0.49824947 -0.00011757
1.7700000000000014 0.49543839 0.00014947
1.7800000000000014 0.4926746 0.0001516
1.7900000000000014 0.48995704 0.00012851
1.8000000000000014 0.48728363 0.00016371
1.8100000000000014 0.48465103 0.00015858
1.8200000000000014 0.48205468 0.00012834
1.8300000000000014 0.47948893 -0.00013493
1.8400000000000014 0.47694708 -0.00018945
1.8500000000000014 0.47442171 -0.00013263
1.8600000000000014 0.47190469 0.00019469
1.8700000000000014 0.46938745 0.00019065
1.8800000000000014 0.46686099 -0.00015901
1.8900000000000015 0.46431625 -0.00014283
1.9000000000000015 0.46174422 0.00020822
1.9100000000000015 0.45913652 0.00016637
1.9200000000000015 0.45648578 -0.00014612
1.9300000000000015 0.4537864 0.00021237
1.9400000000000015 0.45103507 -0.00013812
1.9500000000000015 0.44823141 0.00016158
1.9600000000000015 0.44537826 0.0001374
1.9700000000000015 0.44248173 0.00013395
1.9800000000000015 0.43955093 -0.00012422
1.9900000000000015 0.43659747 0.00011802
2.0000000000000013 0.43363458 0.00017584
2.010000000000001 0.43067606 -0.00012398
2.020000000000001 0.42773519 0.00017879
2.0300000000000007 0.42482347 0.0001761
2.0400000000000005 0.42194976 0.00011665
2.0500000000000003 0.4191194 0.00010651
2.06 0.41633409 -0.00011131
2.07 0.41359199 0.00014962
2.0799999999999996 0.41088839 -0.00013387
2.0899999999999994 0.40821669 -7.04e-5
2.099999999999999 0.40556952 -0.00013881
2.109999999999999 0.40293993 -0.000132
2.1199999999999988 0.40032222 7.204e-5
2.1299999999999986 0.39771279 0.00013924
2.1399999999999983 0.39511044 -0.00010259
2.149999999999998 0.39251665 -6.129e-5
2.159999999999998 0.38993553 5.936e-5
2.1699999999999977 0.38737363 5.549e-5
2.1799999999999975 0.38483953 -0.00011945
2.1899999999999973 0.38234332 -4.3e-5
2.199999999999997 0.37989599 0.00011436
2.209999999999997 0.37750858 3.662e-5
2.2199999999999966 0.37519131 3.502e-5
2.2299999999999964 0.3729525 5.293e-5
2.239999999999996 0.37079746 1.83e-5
2.249999999999996 0.36872748 -3.066e-5
2.259999999999996 0.36673899 2.541e-5
2.2699999999999956 0.36482349 0.00010396
2.2799999999999954 0.36296777 1.92e-5
2.289999999999995 0.36115514 -1.744e-5
2.299999999999995 0.35936695 -7.771e-5
2.3099999999999947 0.35758434 -8.208e-5
2.3199999999999945 0.35578993 1.197e-5
2.3299999999999943 0.35396915 9.18e-5
2.339999999999994 0.3521111 8.532e-5
2.349999999999994 0.35020898 2.253e-5
2.3599999999999937 0.34826033 -3.517e-5
2.3699999999999934 0.34626655 -3.497e-5
2.3799999999999932 0.34423251 -2.573e-5
2.389999999999993 0.34216556 -2.691e-5
2.399999999999993 0.34007451 -2.462e-5
2.4099999999999926 0.33796831 8.46e-5
2.4199999999999924 0.33585481 -8.513e-5
2.429999999999992 0.33373928 5.42e-5
2.439999999999992 0.33162372 5.227e-5
2.4499999999999917 0.32950623 -5.535e-5
2.4599999999999915 0.32738133 3.317e-5
2.4699999999999913 0.32524074 -7.126e-5
2.479999999999991 0.32307451 -8.332e-5
2.489999999999991 0.3208727 -6.802e-5
2.4999999999999907 0.31862655 -6.643e-5
2.5099999999999905 0.3163297 4.822e-5
2.5199999999999902 0.31397911 3.045e-5
2.52999999999999 0.31157552 -5.582e-5
2.53999999999999 0.30912388 -5.433e-5
2.5499999999999896 0.30663339 -8.246e-5
2.5599999999999894 0.30411738 8.799e-5
2.569999999999989 0.3015927 -3.086e-5
2.579999999999989 0.29907905 3.941e-5
2.5899999999999888 0.29659741 2.927e-5
2.5999999999999885 0.29416829 -7.405e-5
2.6099999999999883 0.29181 -7.938e-5
2.619999999999988 0.28953658 5.947e-5
2.629999999999988 0.28735718 0.00010159
2.6399999999999877 0.28527585 6.042e-5
2.6499999999999875 0.28329226 -5.841e-5
2.6599999999999873 0.28140307 4.263e-5
2.669999999999987 0.27960323 6.674e-5
2.679999999999987 0.27788743 9.369e-5
2.6899999999999866 0.27625091 2.67e-5
2.6999999999999864 0.27469016 8.956e-5
2.709999999999986 0.27320331 9.089e-5
2.719999999999986 0.27179001 -9.091e-5
2.7299999999999858 0.27045133 5.867e-5
2.7399999999999856 0.26918935 -6.103e-5
2.7499999999999853 0.26800645 -6.345e-5
2.759999999999985 0.26690455 9.381e-5
2.769999999999985 0.26588422 8.637e-5
2.7799999999999847 0.26494343 9.358e-5
2.7899999999999845 0.26407719 -9.482e-5
2.7999999999999843 0.26327688 -8.643e-5
2.809999999999984 0.26253065 9.327e-5
2.819999999999984 0.26182402 3.038e-5
2.8299999999999836 0.2611408 -9.045e-5
2.8399999999999834 0.2604637 8.089e-5
2.849999999999983 0.25977552 8.74e-5
2.859999999999983 0.25905966 -7.943e-5
2.869999999999983 0.2583009 -7.867e-5
2.8799999999999826 0.25748582 8.415e-5
2.8899999999999824 0.2566032 -8.36e-5
2.899999999999982 0.25564443 5.032e-5
2.909999999999982 0.25460381 8.285e-5
2.9199999999999817 0.25347835 6.018e-5
2.9299999999999815 0.25226762 8.754e-5
2.9399999999999813 0.25097327 8.698e-5
2.949999999999981 0.24959809 -8.152e-5
2.959999999999981 0.24814556 4.867e-5
2.9699999999999807 0.24661927 -8.158e-5
2.9799999999999804 0.24502248 -2.665e-5
2.9899999999999802 0.24335869 1.757e-5
2.99999999999998 0.24163161 8.566e-5
3.00999999999998 0.23984538 -8.274e-5
3.0199999999999796 0.23800547 8.127e-5
3.0299999999999794 0.23611859 -1.38e-5
3.039999999999979 0.23419331 7.937e-5
3.049999999999979 0.23223982 7.715e-5
3.0599999999999787 0.23027045 -7.715e-5
3.0699999999999785 0.22829905 7.574e-5
3.0799999999999783 0.2263412 7.447e-5
3.089999999999978 0.22441373 7.346e-5
3.099999999999978 0.2225342 -7.21e-5
3.1099999999999777 0.22072052 -7.023e-5
3.1199999999999775 0.21899014 -7.124e-5
3.1299999999999772 0.21735919 -7.076e-5
3.139999999999977 0.21584205 6.942e-5
3.149999999999977 0.21445069 6.89e-5
3.1599999999999766 0.21319438 -6.974e-5
3.1699999999999764 0.21207995 6.875e-5
3.179999999999976 0.21111149 -6.796e-5
3.189999999999976 0.21029046 2.134e-5
3.1999999999999758 0.20961602 6.687e-5
3.2099999999999755 0.209085 6.598e-5
3.2199999999999753 0.20869234 -6.581e-5
3.229999999999975 0.20843122 6.552e-5
3.239999999999975 0.20829343 6.529e-5
3.2499999999999747 0.20826937 3.743e-5
3.2599999999999745 0.20834859 6.496e-5
3.2699999999999743 0.20851936 6.473e-5
3.279999999999974 0.20876934 6.452e-5
3.289999999999974 0.20908522 6.427e-5
3.2999999999999736 0.20945291 -2.452e-5
3.3099999999999734 0.20985798 -4.112e-5
3.319999999999973 0.21028567 3.432e-5
3.329999999999973 0.21072116 -6.395e-5
3.3399999999999728 0.21115017 -3.147e-5
3.3499999999999726 0.2115593 6.467e-5
3.3599999999999723 0.21193602 -2.847e-5
3.369999999999972 0.21226951 -6.585e-5
3.379999999999972 0.2125506 -6.532e-5
3.3899999999999717 0.21277198 6.707e-5
3.3999999999999715 0.21292816 6.791e-5
3.4099999999999713 0.21301616 6.784e-5
3.419999999999971 0.21303472 7.051e-5
3.429999999999971 0.21298463 7.24e-5
3.4399999999999706 0.21286843 -7.408e-5
3.4499999999999704 0.21269026 -7.586e-5
3.45999999999997 0.21245557 -7.732e-5
3.46999999999997 0.21217041 4.475e-5
3.47999999999997 0.21184159 -4.51e-5
3.4899999999999696 0.21147552 -8.246e-5
3.4999999999999694 0.21107835 -4.161e-5
3.509999999999969 0.21065503 8.477e-5
3.519999999999969 0.21020896 -8.044e-5
3.5299999999999687 0.20974219 8.261e-5
3.5399999999999685 0.20925487 -8.71e-5
3.5499999999999683 0.20874604 8.753e-5
3.559999999999968 0.2082144 -8.77e-5
3.569999999999968 0.20765833 -8.406e-5
3.5799999999999677 0.20707778 -8.827e-5
3.5899999999999674 0.20647385 8.838e-5
3.5999999999999672 0.20585043 8.888e-5
3.609999999999967 0.20521311 8.91e-5
3.619999999999967 0.20457037 4.448e-5
3.6299999999999666 0.20393217 9.031e-5
3.6399999999999664 0.20331032 -9.098e-5
3.649999999999966 0.20271692 9.158e-5
3.659999999999966 0.2021646 4.182e-5
3.6699999999999657 0.20166515 -8.087e-5
3.6799999999999655 0.20122894 9.611e-5
3.6899999999999653 0.20086475 9.088e-5
3.699999999999965 0.2005793 0.00010002
3.709999999999965 0.20037675 0.00010245
3.7199999999999647 0.20025926 -0.00010514
3.7299999999999645 0.20022669 0.00010819
3.7399999999999642 0.20027751 0.00011128
3.749999999999964 0.20040839 -0.00011463
3.759999999999964 0.2006155 0.00011751
3.7699999999999636 0.20089384 0.00012061
3.7799999999999634 0.20123865 0.00012316
3.789999999999963 0.20164516 0.00012527
3.799999999999963 0.20210943 -0.00012689
3.8099999999999627 0.20262816 0.00012793
3.8199999999999625 0.20319953 -0.00012894
3.8299999999999623 0.20382249 -0.00012987
3.839999999999962 0.20449671 0.00013066
3.849999999999962 0.20522134 0.00013145
3.8599999999999617 0.20599357 -0.00010848
3.8699999999999615 0.20680592 0.00013306
3.8799999999999613 0.20764453 -4.93e-5
3.889999999999961 0.20848743 0.00011695
3.899999999999961 0.20930563 0.00013133
3.9099999999999606 0.21006658 -0.00012973
3.9199999999999604 0.21073877 0.00012839
3.92999999999996 0.21129521 -0.00012713
3.93999999999996 0.21171626 -0.00012606
3.9499999999999598 0.21199023 0.00012508
3.9599999999999596 0.21211385 0.00012448
3.9699999999999593 0.21209178 -0.00012191
3.979999999999959 0.21193657 -0.00012449
3.989999999999959 0.21166755 0.00012506
3.9999999999999587 0.21131011 5.579e-5
4.009999999999959 0.21089444 -0.00012837
4.019999999999959 0.2104543 0.00013129
4.0299999999999585 0.21002475 0.00011766
4.039999999999958 0.20964081 -0.00013875
4.049999999999958 0.20933488 -0.00014326
4.059999999999958 0.20913519 7.791e-5
4.069999999999958 0.20906377 0.00012438
4.079999999999957 0.20913539 0.00015551
4.089999999999957 0.20935726 0.00015878
4.099999999999957 0.20972952 0.00016176
4.109999999999957 0.21024719 0.00016511
4.119999999999957 0.2109022 0.00016968
4.129999999999956 0.21168684 0.00017538
4.139999999999956 0.21259654 0.00018566
4.149999999999956 0.2136311 -0.00019695
4.159999999999956 0.21478965 -0.00017654
4.1699999999999555 0.21605237 -0.00020878
4.179999999999955 0.21735722 -0.000199
4.189999999999955 0.21860429 0.00018221
4.199999999999955 0.21969183 0.0001655
4.209999999999955 0.22054465 0.00015214
4.2199999999999545 0.22111862 5.588e-5
4.229999999999954 0.22139323 0.00013625
4.239999999999954 0.22136384 0.00013234
4.249999999999954 0.22103646 -4.576e-5
4.259999999999954 0.22042427 0.00012936
4.269999999999953 0.21954568 0.0001292
4.279999999999953 0.2184233 -0.00012968
4.289999999999953 0.21708353 0.00013059
4.299999999999953 0.21555675 -0.00013195
4.3099999999999525 0.21387793 -0.00013417
4.319999999999952 0.21208732 0.00013746
4.329999999999952 0.21023143 0.00014158
4.339999999999952 0.20836377 -0.0001469
4.349999999999952 0.20654532 0.00015245
4.3599999999999515 0.20484402 8.346e-5
4.369999999999951 0.20333257 -0.00015837
4.379999999999951 0.20208535 8.184e-5
4.389999999999951 0.20117757 -0.00015061
4.399999999999951 0.20068839 -0.00014469
4.40999999999995 0.20070633 -0.00014218
4.41999999999995 0.20133042 -6.79e-5
4.42999999999995 0.20266113 0.00014635
4.43999999999995 0.20477323 -0.0001624
4.4499999999999496 0.2076681 -0.00017214
4.459999999999949 0.21123 -0.00017508
4.469999999999949 0.21523582 0.00016541
4.479999999999949 0.21942506 0.00015614
4.489999999999949 0.22356951 -0.0001369
4.4999999999999485 0.22749775 -0.00012419
4.509999999999948 0.23108839 -0.00011921
4.519999999999948 0.23425665 0.0001104
4.529999999999948 0.23694399 -6.073e-5
4.539999999999948 0.23911209 9.042e-5
4.549999999999947 0.24073887 9.435e-5
4.559999999999947 0.24181666 -4.881e-5
4.569999999999947 0.24235058 4.017e-5
4.579999999999947 0.24235749 -9.069e-5
4.589999999999947 0.24186513 -8.408e-5
4.599999999999946 0.24091156 -9.133e-5
4.609999999999946 0.23954478 -9.236e-5
4.619999999999946 0.23782237 8.741e-5
4.629999999999946 0.23581086 9.52e-5
4.6399999999999455 0.23358381 -4.908e-5
4.649999999999945 0.23121907 9.838e-5
4.659999999999945 0.22879484 -9.407e-5
4.669999999999945 0.22638622 0.00010296
4.679999999999945 0.22406513 -4.72e-5
4.689999999999944 0.22190576 -0.00010578
4.699999999999944 0.21999506 4.764e-5
4.709999999999944 0.21844238 0.00011065
4.719999999999944 0.21738308 0.00011392
4.729999999999944 0.21697134 6.517e-5
4.739999999999943 0.21736203 8.815e-5
4.749999999999943 0.21868101 0.00012238
4.759999999999943 0.22099065 0.00012145
4.769999999999943 0.2242636 9.112e-5
4.7799999999999425 0.22837974 -0.00011592
4.789999999999942 0.23315044 -6.444e-5
4.799999999999942 0.23835688 0.00010361
4.809999999999942 0.24378437 -5.314e-5
4.819999999999942 0.24924324 -9.11e-5
4.8299999999999415 0.25457641 8.583e-5
4.839999999999941 0.25965903 8.002e-5
4.849999999999941 0.26439432 7.761e-5
4.859999999999941 0.26870868 -7.483e-5
4.869999999999941 0.27254696 7.032e-5
4.87999999999994 0.27586938 -2.123e-5
4.88999999999994 0.27864898 -6.999e-5
4.89999999999994 0.28087122 -6.083e-5
4.90999999999994 0.28253408 -6.818e-5
4.9199999999999395 0.28364882 2.17e-5
4.929999999999939 0.28424026 6.708e-5
4.939999999999939 0.28434654 -6.057e-5
4.949999999999939 0.28401743 -2.494e-5
4.959999999999939 0.2833115 -6.708e-5
4.9699999999999385 0.28229215 6.439e-5
4.979999999999938 0.28102344 3.855e-5
4.989999999999938 0.27956587 -6.837e-5
4.999999999999938 0.27797437 -6.895e-5
5.009999999999938 0.2762986 -3.445e-5
5.019999999999937 0.27458515 6.98e-5
5.029999999999937 0.27288148 -7.007e-5
5.039999999999937 0.27123935 -6.993e-5
5.049999999999937 0.26971734 6.985e-5
5.0599999999999365 0.26838157 -6.709e-5
5.069999999999936 0.26730475 5.289e-5
5.079999999999936 0.26656368 -6.301e-5
5.089999999999936 0.26623532 6.721e-5
5.099999999999936 0.26639144 -6.728e-5
5.1099999999999355 0.26709287 -4.341e-5
5.119999999999935 0.2683837 -5.968e-5
5.129999999999935 0.2702868 5.066e-5
5.139999999999935 0.27280156 -6.197e-5
5.149999999999935 0.27590356 5.233e-5
5.159999999999934 0.27954707 -5.127e-5
5.169999999999934 0.28366869 1.219e-5
5.179999999999934 0.2881922 -5.777e-5
5.189999999999934 0.29303324 4.467e-5
5.199999999999934 0.29810423 3.72e-5
5.209999999999933 0.30331836 5.451e-5
5.219999999999933 0.30859308 -5.198e-5
5.229999999999933 0.31385288 -1.623e-5
5.239999999999933 0.3190311 2.716e-5
5.2499999999999325 0.32407112 -1.736e-5
5.259999999999932 0.32892702 -5.071e-5
5.269999999999932 0.33356323 5.191e-5
5.279999999999932 0.33795469 -5.096e-5
5.289999999999932 0.34208525 5.504e-5
5.299999999999931 0.34594695 4.835e-5
5.309999999999931 0.34953814 5.614e-5
5.319999999999931 0.3528622 -5.674e-5
5.329999999999931 0.35592553 -4.766e-5
5.339999999999931 0.35873619 -1.941e-5
5.34999999999993 0.36130274 5.995e-5
5.35999999999993 0.36363343 -2.631e-5
5.36999999999993 0.36573576 -5.666e-5
5.37999999999993 0.3676166 6.376e-5
5.3899999999999295 0.36928289 6.474e-5
5.399999999999929 0.37074255 4.889e-5
5.409999999999929 0.37200554 3.028e-5
5.419999999999929 0.37308484 -3.015e-5
5.429999999999929 0.37399725 -6.311e-5
5.4399999999999284 0.3747639 -5.316e-5
5.449999999999928 0.37541032 -6.488e-5
5.459999999999928 0.37596606 -5.358e-5
5.469999999999928 0.37646445 -5.346e-5
5.479999999999928 0.37694126 5.823e-5
5.489999999999927 0.37743403 -6.388e-5
5.499999999999927 0.37798018 6.324e-5
5.509999999999927 0.37861585 -6.386e-5
5.519999999999927 0.37937418 -2.564e-5
5.5299999999999265 0.38028379 1.936e-5
5.539999999999926 0.38136808 -1.117e-5
5.549999999999926 0.38264434 -1.149e-5
5.559999999999926 0.38412381 -6.585e-5
5.569999999999926 0.38581195 -6.557e-5
5.5799999999999255 0.387709 5.704e-5
5.589999999999925 0.38981126 -3.145e-5
5.599999999999925 0.39211174 -3.291e-5
5.609999999999925 0.39460133 -2.403e-5
5.619999999999925 0.39726981 -6.521e-5
5.629999999999924 0.40010639 3.542e-5
5.639999999999924 0.40310074 6.775e-5
5.649999999999924 0.4062429 6.879e-5
5.659999999999924 0.40952362 -6.984e-5
5.6699999999999235 0.41293409 -6.918e-5
5.679999999999923 0.41646554 7.202e-5
5.689999999999923 0.42010868 7.128e-5
5.699999999999923 0.42385297 -7.36e-5
5.709999999999923 0.42768604 7.384e-5
5.7199999999999225 0.43159324 -1.868e-5
5.729999999999922 0.43555748 7.44e-5
5.739999999999922 0.43955923 3.406e-5
5.749999999999922 0.44357725 -7.356e-5
5.759999999999922 0.44758914 -7.332e-5
5.769999999999921 0.45157211 -6.221e-5
5.779999999999921 0.45550409 7.291e-5
5.789999999999921 0.45936433 -2.843e-5
5.799999999999921 0.4631345 7.347e-5
5.809999999999921 0.46679875 7.28e-5
5.81999999999992 0.47034468 -2.944e-5
5.82999999999992 0.47376311 7.271e-5
5.83999999999992 0.47704807 7.251e-5
5.84999999999992 0.48019688 4.061e-5
5.8599999999999195 0.48320994 -3.869e-5
5.869999999999919 0.48609023 6.734e-5
5.879999999999919 0.48884325 6.817e-5
5.889999999999919 0.49147649 6.809e-5
5.899999999999919 0.49399921 -5.962e-5
5.909999999999918 0.49642165 2.614e-5
5.919999999999918 0.49875484 -6.64e-5
5.929999999999918 0.50100974 6.584e-5
5.939999999999918 0.50319723 5.046e-5
5.949999999999918 0.50532757 5.123e-5
5.959999999999917 0.50741045 -6.391e-5
5.969999999999917 0.50945487 6.04e-5
5.979999999999917 0.51146945 -6.318e-5
5.989999999999917 0.51346232 6.298e-5
5.9999999999999165 0.51544152 -6.289e-5
6.009999999999916 0.51741515 2.521e-5
6.019999999999916 0.51939131 -6.341e-5
6.029999999999916 0.52137846 6.403e-5
6.039999999999916 0.52338538 5.755e-5
6.0499999999999154 0.52542105 6.609e-5
6.059999999999915 0.52749478 -6.749e-5
6.069999999999915 0.52961602 6.811e-5
6.079999999999915 0.53179419 7.194e-5
6.089999999999915 0.53403845 7.383e-5
6.099999999999914 0.53635742 -7.317e-5
6.109999999999914 0.53875854 8.331e-5
6.119999999999914 0.541248 8.987e-5
6.129999999999914 0.54383014 -9.943e-5
6.1399999999999135 0.54650692 7.046e-5
6.149999999999913 0.54927784 0.00011308
6.159999999999913 0.55213958 0.00013085
6.169999999999913 0.55508588 0.0001466
6.179999999999913 0.55810779 0.00016119
6.1899999999999125 0.56119386 0.0001202
6.199999999999912 0.56433066 -0.00019118
6.209999999999912 0.56750293 -0.00015084
6.219999999999912 0.57069452 -0.00015934
6.229999999999912 0.57388881 -0.00020699
6.239999999999911 0.57706963 -0.00017196
6.249999999999911 0.58022192 -0.00017284
6.259999999999911 0.58333186 -0.00020096
6.269999999999911 0.58638764 0.0002337
6.2799999999999105 0.5893792 -0.00017603
6.28999999999991 0.59229855 0.00025048
6.29999999999991 0.59513939 0.00024814
6.30999999999991 0.59789719 -0.00022014
6.31999999999991 0.60056904 0.00023951
6.3299999999999095 0.60315321 -0.00021765
6.339999999999909 0.60564932 0.00022544
6.349999999999909 0.60805788 0.00022021
6.359999999999909 0.61038053 0.0001562
6.369999999999909 0.6126198 0.00020535
6.379999999999908 0.61477914 0.00019994
6.389999999999908 0.61686303 0.00019261
6.399999999999908 0.61887718 0.00019098
6.409999999999908 0.62082829 -0.00018867
6.419999999999908 0.6227246 -0.00018805
6.429999999999907 0.62457551 0.00019006
6.439999999999907 0.62639175 0.00019419
6.449999999999907 0.62818482 0.00019819
6.459999999999907 0.62996692 0.00019814
6.4699999999999065 0.63175055 -0.00015157
6.479999999999906 0.63354781 -0.00023669
6.489999999999906 0.63537056 -0.0002518
6.499999999999906 0.63723042 -0.00027053
6.509999999999906 0.6391387 -0.00029271
6.519999999999905 0.64110647 -0.00025434
6.529999999999905 0.64314473 -0.00032111
6.539999999999905 0.64526381 -0.00035738
6.549999999999905 0.6474734 -0.00038227
6.559999999999905 0.64978204 -0.00040299
6.569999999999904 0.65219644 0.00036894
6.579999999999904 0.65472114 0.00044865
6.589999999999904 0.65735786 -0.00043073
6.599999999999904 0.66010514 -0.00048895
6.6099999999999035 0.66295807 0.00041575
6.619999999999903 0.66590834 0.00052499
6.629999999999903 0.66894388 -0.00054034
6.639999999999903 0.67204939 0.00055272
6.649999999999903 0.67520612 0.00048654
6.659999999999902 0.67839267 -0.00056654
6.669999999999902 0.68158554 -0.00055208
6.679999999999902 0.68476018 -0.00050964
6.689999999999902 0.68789186 0.00056292
6.699999999999902 0.69095658 -0.00047744
6.709999999999901 0.69393162 -0.00053164
6.719999999999901 0.69679601 0.00055236
6.729999999999901 0.69953085 0.00055128
6.739999999999901 0.70211944 0.0005519
6.7499999999999005 0.70454742 -0.00054377
6.7599999999999 0.70680264 -0.00055885
6.7699999999999 0.70887572 -0.00056399
6.7799999999999 0.71075979 0.00056651
6.7899999999999 0.71245092 -0.00057459
6.7999999999998995 0.71394818 0.00057905
6.809999999999899 0.71525334 0.00056759
6.819999999999899 0.71637139 0.00049134
6.829999999999899 0.71730969 -0.00058202
6.839999999999899 0.7180781 -0.00048996
6.849999999999898 0.71868906 0.0005772
6.859999999999898 0.71915724 0.00057312
6.869999999999898 0.71949946 0.00057463
6.879999999999898 0.71973491 0.00059198
6.8899999999998975 0.71988506 0.00057703
6.899999999999897 0.71997329 0.00059253
6.909999999999897 0.72002498 0.00059217
6.919999999999897 0.72006716 -0.00051229
6.929999999999897 0.72012824 -0.00051045
6.9399999999998965 0.72023736 0.00058512
6.949999999999896 0.720424 -0.00050785
6.959999999999896 0.72071726 -0.00048872
6.969999999999896 0.72114552 0.00057776
6.979999999999896 0.72173545 0.00057729
6.989999999999895 0.72251132 0.00057705
6.999999999999895 0.72349449 0.00057838
7.009999999999895 0.72470222 -0.00049085
7.019999999999895 0.7261473 0.00057916
7.0299999999998946 0.7278373 -0.00050816
7.039999999999894 0.72977415 -0.00048524
7.049999999999894 0.73195412 -0.00054839
7.059999999999894 0.73436816 -0.00047109
7.069999999999894 0.73700262 -0.00054078
7.0799999999998935 0.73983977 -0.0005328
7.089999999999893 0.74285861 -0.00051848
7.099999999999893 0.74603551 -0.00050377
7.109999999999893 0.74934476 0.00040651
7.119999999999893 0.75275852 0.00048805
7.129999999999892 0.75624751 -0.00039052
7.139999999999892 0.75978089 0.00046255
7.149999999999892 0.76332619 0.00046981
7.159999999999892 0.76684948 0.00046498
7.169999999999892 0.77031539 0.00038579
7.179999999999891 0.77368703 0.00044984
7.189999999999891 0.77692664 -0.00039265
7.199999999999891 0.77999559 0.0004568
7.209999999999891 0.7828556 0.00037255
7.2199999999998905 0.78546925 -0.00037169
7.22999999999989 0.7878017 0.00044622
7.23999999999989 0.78982085 0.00043151
7.24999999999989 0.79149917 -0.00043427
7.25999999999989 0.79281408 -0.00040793
7.269999999999889 0.79374886 0.00041896
7.279999999999889 0.79429265 0.00033615
7.289999999999889 0.79444051 0.00032301
7.299999999999889 0.79419406 0.00038918
7.309999999999889 0.79356161 0.00036423
7.319999999999888 0.79255768 0.00029697
7.329999999999888 0.79120356 -0.00028973
7.339999999999888 0.78952723 -0.00034937
7.349999999999888 0.78756275 0.00027347
7.3599999999998875 0.78534974 0.00026732
7.369999999999887 0.78293315 -0.00033799
7.379999999999887 0.7803623 0.00031596
7.389999999999887 0.7776904 -0.0002464
7.399999999999887 0.77497333 0.00031631
7.4099999999998865 0.77226992 0.00023131
7.419999999999886 0.76963979 0.0002961
7.429999999999886 0.76714397 0.00031337
7.439999999999886 0.76484189 0.00030933
7.449999999999886 0.76279141 0.00030422
7.459999999999885 0.76104634 0.00029907
7.469999999999885 0.75965517 0.00029254
7.479999999999885 0.75865971 0.00014248
7.489999999999885 0.75809468 0.00027785
7.4999999999998845 0.7579874 -0.0002513
7.509999999999884 0.75835827 0.00026178
7.519999999999884 0.75922129 -0.00025423
7.529999999999884 0.76058234 -0.00024578
7.539999999999884 0.76243947 -0.00022342
7.5499999999998835 0.76478162 0.00021311
7.559999999999883 0.76758827 0.0002059
7.569999999999883 0.77082816 0.00019904
7.579999999999883 0.77446067 0.00020908
7.589999999999883 0.77843498 -0.00018822
7.599999999999882 0.78269257 -0.00019952
7.609999999999882 0.78716666 -0.0001962
7.619999999999882 0.79178535 -0.00019365
7.629999999999882 0.79647205 5.052e-5
7.6399999999998816 0.80114752 0.00019076
7.649999999999881 0.80573202 0.00019025
7.659999999999881 0.81014604 0.0001906
7.669999999999881 0.81431241 -5.008e-5
7.679999999999881 0.81815735 0.00019131
7.6899999999998805 0.82161172 -0.00019244
7.69999999999988 0.82461219 0.0001935
7.70999999999988 0.82710226 6.049e-5
7.71999999999988 0.82903209 0.00019669
7.72999999999988 0.83036073 -0.00019915
7.739999999999879 0.83105476 0.00020204
7.749999999999879 0.83109072 -0.00020634
7.759999999999879 0.83045404 0.00021215
7.769999999999879 0.82913997 0.0001061
7.779999999999879 0.8271538 -0.0001197
7.789999999999878 0.8245113 -0.00023002
7.799999999999878 0.82123882 -0.00025548
7.809999999999878 0.8173722 -0.00019004
7.819999999999878 0.81295686 0.00027407
7.8299999999998775 0.8080452 0.00028456
7.839999999999877 0.80269702 -0.00028141
7.849999999999877 0.79697963 0.00027178
7.859999999999877 0.79096878 0.00025804
7.869999999999877 0.78474829 0.00024382
7.879999999999876 0.77841092 -0.00023138
7.889999999999876 0.77205732 0.00022362
7.899999999999876 0.76579604 0.0002196
7.909999999999876 0.75974132 0.00021927
7.919999999999876 0.75401103 0.00022304
7.929999999999875 0.74872465 -0.00022945
7.939999999999875 0.74399975 0.00023703
7.949999999999875 0.73994865 0.00024965
7.959999999999875 0.7366748 -0.00026069
7.9699999999998745 0.73426819 -0.00020389
7.979999999999874 0.73280081 -0.0002792
7.989999999999874 0.73232207 -0.00028276
7.999999999999874 0.73285629 -0.0002869
8.009999999999874 0.73439892 0.00028596
8.019999999999873 0.73691724 0.00028302
8.029999999999873 0.74035074 0.00020987
8.039999999999873 0.7446143 -0.00020315
8.049999999999873 0.74960184 -0.00026844
8.059999999999873 0.75519205 0.00026429
8.069999999999872 0.76125202 0.00025578
8.079999999999872 0.76764267 0.00026197
8.089999999999872 0.77422268 -0.00025944
8.099999999999872 0.78085141 0.00027193
8.109999999999872 0.78739279 -0.00021532
8.119999999999871 0.79371705 0.00030395
8.129999999999871 0.7997034 0.00033098
8.139999999999871 0.8052416 0.0003665
8.14999999999987 0.81023077 0.00040341
8.15999999999987 0.81457523 -0.00043348
8.16999999999987 0.81818461 -0.00045024
8.17999999999987 0.82097741 0.00045087
8.18999999999987 0.82288376 -0.00043648
8.19999999999987 0.82384736 0.00041052
8.20999999999987 0.82382444 0.00037812
8.21999999999987 0.82278417 -0.00033257
8.229999999999869 0.82070837 -0.00031556
8.239999999999869 0.81759369 0.00029444
8.249999999999869 0.81345262 0.00027827
8.259999999999868 0.80831498 -0.00027191
8.269999999999868 0.80222805 -0.00018504
8.279999999999868 0.79525718 0.00027454
8.289999999999868 0.78748564 0.00028322
8.299999999999867 0.7790147 -0.00020057
8.309999999999867 0.76996442 -0.0003102
8.319999999999867 0.76047373 0.00032742
8.329999999999867 0.7507009 0.00034409
8.339999999999867 0.74082356 0.00035956
8.349999999999866 0.73103789 0.00037277
8.359999999999866 0.72155642 -0.0003837
8.369999999999866 0.71260367 0.00029405
8.379999999999866 0.70440737 -0.00039489
8.389999999999866 0.69718602 -0.00039545
8.399999999999865 0.69113251 -0.00039381
8.409999999999865 0.68639711 0.00028651
8.419999999999865 0.68307317 0.00038577
8.429999999999865 0.68119044 -0.00038178
8.439999999999864 0.68071806 -0.00038037
8.449999999999864 0.68157508 0.00038188
8.459999999999864 0.68364438 -0.00036902
8.469999999999864 0.68678568 0.00029552
8.479999999999864 0.69084655 -0.00039858
8.489999999999863 0.69566763 -0.00041419
8.499999999999863 0.70108658 0.00041682
8.509999999999863 0.7069403 0.00029697
8.519999999999863 0.71306691 -0.00038877
8.529999999999863 0.71930696 0.00037617
8.539999999999862 0.72550607 0.00035309
8.549999999999862 0.73151631 0.0003224
8.559999999999862 0.73719853 0.00020393
8.569999999999862 0.74242423 -0.00029402
8.579999999999862 0.74707712 -0.00027848
8.589999999999861 0.75105479 0.00015667
8.599999999999861 0.75426893 0.00025931
8.60999999999986 0.75664612 -0.00026535
8.61999999999986 0.75812782 0.00026075
8.62999999999986 0.7586705 -0.00027037
8.63999999999986 0.75824588 -0.00027382
8.64999999999986 0.75684168 0.00027632
8.65999999999986 0.75446237 -0.00027764
8.66999999999986 0.75113032 0.00016928
8.67999999999986 0.74688787 -0.00026232
8.68999999999986 0.74179885 0.00027553
8.699999999999859 0.73595199 0.00027432
8.709999999999859 0.72946457 0.00027361
8.719999999999859 0.72248598 -0.00026497
8.729999999999858 0.71520112 0.00015901
8.739999999999858 0.70782847 0.00027579
8.749999999999858 0.70060853 0.00026833
8.759999999999858 0.69377849 -0.0002734
8.769999999999857 0.68753624 0.00026696
8.779999999999857 0.68200948 -0.00024963
8.789999999999857 0.67724709 0.00024491
8.799999999999857 0.67323439 0.00023265
8.809999999999857 0.66991848 0.00021381
8.819999999999856 0.66723094 0.00021228
8.829999999999856 0.6651018 0.0001981
8.839999999999856 0.66346608 0.00020075
8.849999999999856 0.66226447 0.00019721
8.859999999999856 0.66144145 0.00016639
8.869999999999855 0.6609421 0.00018368
8.879999999999855 0.66070949 -0.00018785
8.889999999999855 0.66068375 -0.00015445
8.899999999999855 0.66080262 -0.00015098
8.909999999999854 0.66100335 0.00014974
8.919999999999854 0.66122454 -0.00017028
8.929999999999854 0.66140785 -0.00017815
8.939999999999854 0.66149858 0.00017894
8.949999999999854 0.6614466 0.00015805
8.959999999999853 0.66120684 0.0001776
8.969999999999853 0.66073976 0.00017611
8.979999999999853 0.66001245 -0.00017392
8.989999999999853 0.65899941 0.00017076
8.999999999999853 0.65768401 -7.693e-5
9.009999999999852 0.65605997 -0.00016984
9.019999999999852 0.65413413 -0.0001712
9.029999999999852 0.65193052 -0.00017481
9.039999999999852 0.64949612 -0.00018044
9.049999999999851 0.64690859 0.00018752
9.059999999999851 0.6442834 9.767e-5
9.069999999999851 0.64177197 9.647e-5
9.07999999999985 0.63953681 -0.00019526
9.08999999999985 0.6377036 0.00017964
9.09999999999985 0.63632108 0.00017167
9.10999999999985 0.63536239 0.00015723
9.11999999999985 0.6347557 0.00014464
9.12999999999985 0.63441476 -0.00013505
9.13999999999985 0.63425623 -0.00012841
9.14999999999985 0.63420653 0.00012444
9.15999999999985 0.63420401 0.00012256
9.169999999999849 0.63419827 0.00012231
9.179999999999849 0.63414865 -0.00012282
9.189999999999849 0.63402152 -0.00012311
9.199999999999848 0.63378701 -0.00012306
9.209999999999848 0.63341573 0.0001214
9.219999999999848 0.63287778 2.152e-5
9.229999999999848 0.63214356 0.00011488
9.239999999999847 0.63118571 -0.00011257
9.249999999999847 0.62998046 -0.00011027
9.259999999999847 0.62850852 0.00010869
9.269999999999847 0.6267553 -4.484e-5
9.279999999999847 0.62471124 -0.00010799
9.289999999999846 0.6223721 0.00010905
9.299999999999846 0.61973948 0.0001059
9.309999999999846 0.61682171 -9.779e-5
9.319999999999846 0.61363531 -7.189e-5
9.329999999999846 0.61020763 -0.00012892
9.339999999999845 0.6065814 -0.00013909
9.349999999999845 0.60282216 -0.00013621
9.359999999999845 0.59902641 9.387e-5
9.369999999999845 0.59532006 -0.00014777
9.379999999999844 0.59183017 0.00013814
9.389999999999844 0.58863978 -8.598e-5
9.399999999999844 0.58577223 0.00011549
9.409999999999844 0.58321131 -5.243e-5
9.419999999999844 0.58092455 -7.976e-5
9.429999999999843 0.5788759 8.504e-5
9.439999999999843 0.57703096 1.76e-5
9.449999999999843 0.57535913 1.782e-5
9.459999999999843 0.57383422 -6.139e-5
9.469999999999843 0.57243455 2.574e-5
9.479999999999842 0.57114196 4.949e-5
9.489999999999842 0.5699405 8.461e-5
9.499999999999842 0.56881384 -7.56e-5
9.509999999999842 0.56774393 -8.436e-5
9.519999999999841 0.5667104 -2.822e-5
9.529999999999841 0.56569145 -2.564e-5
9.539999999999841 0.56466528 7.828e-5
9.54999999999984 0.56361088 7.67e-5
9.55999999999984 0.56250908 7.57e-5
9.56999999999984 0.56134262 -2.369e-5
9.57999999999984 0.56009684 -5.996e-5
9.58999999999984 0.55876011 6.472e-5
9.59999999999984 0.55732454 -6.257e-5
9.60999999999984 0.55578721 -5.392e-5
9.61999999999984 0.55415233 -9.372e-5
9.62999999999984 0.55243482 9.409e-5
9.639999999999839 0.55066564 6.158e-5
9.649999999999839 0.54889408 0.00011177
9.659999999999838 0.54717583 9.835e-5
9.669999999999838 0.54554788 9.924e-5
9.679999999999838 0.5440167 -4.015e-5
9.689999999999838 0.54257029 6.707e-5
9.699999999999838 0.54119131 -6.982e-5
9.709999999999837 0.53986183 -7.21e-6
9.719999999999837 0.53856484 -7.135e-5
9.729999999999837 0.53728552 7.803e-5
9.739999999999837 0.53601069 8.356e-5
9.749999999999837 0.53472692 8.208e-5
9.759999999999836 0.5334217 -0.00010119
9.769999999999836 0.53208451 -8.298e-5
9.779999999999836 0.53070602 -5.422e-5
9.789999999999836 0.52927751 -8.291e-5
9.799999999999836 0.52779192 -9.632e-5
9.809999999999835 0.52624356 -0.00010184
9.819999999999835 0.52462821 -7.985e-5
9.829999999999835 0.52294299 9.006e-5
9.839999999999835 0.52118665 9.774e-5
9.849999999999834 0.51935984 3.263e-5
9.859999999999834 0.51746516 -8.175e-5
9.869999999999834 0.51550707 0.00010391
9.879999999999834 0.51349237 -9.87e-5
9.889999999999834 0.51143094 9.554e-5
9.899999999999833 0.50933716 -7.085e-5
9.909999999999833 0.50723023 5.801e-5
9.919999999999833 0.50513268 -0.00015079
9.929999999999833 0.50306831 0.00016525
9.939999999999833 0.50105936 -0.00010106
9.949999999999832 0.49912248 0.00012402
9.959999999999832 0.49726704 0.00015262
9.969999999999832 0.49549752 -0.00014212
9.979999999999832 0.49381511 -0.0001479
9.989999999999831 0.49221891 6.851e-5
9.999999999999831 0.49070631 0.00013499
