0.9639876537846496
0.09518662709079873
3.520736166288443
1.1922704351236248
0.608319222685014
2.5985588614443333
0.04794549983935777
1.513712730779518
1.416776984009544
3.385318495993503
0.5647960107330765
0.5905258787577706
0.39767847933944483
0.4622171441352045
0.8439166621500864
0.3565216352360754
0.910606642860249
2.2874271481961467e-9
1.6912226028197723
0.1706588338564486
1.5189055040724722
0.782059953651357
1.5180259372191445
0.3380677955815797
0.30814167253299035
1.1363923034114958
0.16300900805257618
0.7503125004895882
1.1791960148209732
0.6125690048630185
0.7227659073068681
2.223650889908782
0.9307189347407073
0.01713127042785952
0.03133984045213026
0.6660661776655608
0.30073179862349225
0.6318437723864985
1.2232916073931608
0.29476059550301154
0.30036219917539325
0.7322727759886797
0.15893062349189999
3.2127222250161926
0.9326642908414509
0.5617247127373968
1.2937376924196544
0.9016928182848507
3.06182428300741
0.21201796759167404
0.09364122313794047
2.514486753885159
1.280530762770789
0.8903516333589073
0.2501651235036091
0.7370776232048272
0.16365666101693693
0.4812806451707647
3.1967940589976083
0.27955761856156414
1.1524686385745384e-5
0.17629287473359675
0.9330879836581532
2.0479120231825516
0.5364124842845832
0.144076182497089
1.7790684270449906
0.3463401679282439
1.1010552827742257
0.4180700179881777
0.831755926900732
0.376914553769529
0.7331974045397194
0.24445955166730335
0.9734603345623423
1.9111478996455338
0.7514976698758173
0.5140516981029133
0.01381576674192911
1.1921845737628063
0.43248896347056587
0.001334731115079081
1.3998971860978175
0.22765744288622997
0.9867651320101418
0.10402700914370698
0.5107431290628733
0.029199459878411323
0.010388038073332167
0.19289620015169257
6.814268592878539
0.21629234899587843
0.24114927344222833
1.4965978613111748
0.8391301364253159
0.8697624354269871
0.008818397686591727
1.8530575746111206
0.16219754513310253
0.8234813961575009
2.4158021004238215
0.8744508756141306
0.1180407156837396
1.6570334583841246
0.9527568569020153
0.9464565457185227
1.9767757300269795
0.9447108091371501
0.20901029740529975
0.1881978186343217
0.3569821804690881
1.0900328581237488
0.2655854194892753
0.6209702196884398
0.4002336305393561
0.2135340063779788
0.004998379905276031
0.14115101234001584
3.025433415098187
0.018807768866987755
3.0020422111895653
1.763929799815111
0.3580208355462079
0.5080277674877959
1.0594229347292736
2.618950940747638
5.728060886827307
0.31199671612115343
1.388432543160949
0.7407325650186851
1.314013840490765
1.3967503514844326
1.7914233839697644
0.10513807847974403
1.0557666867995257
1.5558706673349747
1.4864438518118832
1.986060371577457
1.865506936257199
1.5261705321283179
3.858130715410828
0.060761918639834954
0.37337420477564914
2.3351303197661553e-7
1.8898943614193038
1.7135256043022744
1.6870583595453301
1.2531095964420158
1.133182334967243
0.9864067980508368
1.351338976895135
0.6247411548783368
3.3020242240737145
0.9089348840946029
1.6691117269451645
0.25296798420664984
2.0047822378050943
0.5628639861047842
0.11864154766055708
2.179706592578116
0.46861254636728744
3.2994669616393004
3.4124273456570986
1.2606729138983894
0.03681225147243745
0.29814607735335125
1.68476438791465
0.6973587523631775
0.06117323938701762
1.253096993835336
0.2900732644739153
0.000367914603404943
0.994802445058423
1.6602299800463518
1.3249456032464582
0.9231494084140746
0.7284519232418455
1.691544957267032
0.5184424507103443
1.085620865885774
1.9565273888452004
0.002609855318133495
0.6034145217046978
1.1742116101221904
0.23997369742233424
0.11205736136048487
0.5545882523404929
0.6306281958825632
2.175204686316287
0.015796562549973386
1.0728896543745114
0.9069271764041422
0.8923744102934285
0.700385694517032
1.6406063871675156
1.4105093327154505
0.016154919130988276
0.4861429817476429
0.11074506191332423
0.33212591864546975
0.18128865349249595
